    0    337     3804667.969555    -1050.873061259
   20    337     3785734.364080     -841.841659969
   40    337     3771017.731242     -629.297909509
   60    337     3760580.815660     -414.000457824
   80    337     3754470.723215     -196.752526938
  100    337     3752718.155171       21.610899834
  120    337     3755336.912013      240.237149881
  140    337     3762323.686752      458.270638625
  160    337     3773658.155810      674.867747187
  180    337     3789303.363346      889.211188581
  200    337     3809206.382955     1100.523288820
  220    337     3833299.229932     1308.077688072
 3420    101     3846422.427967    -4914.788703079
 3440    101     3749076.216220    -4818.184322480
 3460    101     3653763.590802    -4711.298093480
 3480    101     3560698.250110    -4593.316957363
 3500    101     3470110.542450    -4463.390419229
 3520    101     3382248.114943    -4320.641241205
 3540    101     3297376.302663    -4164.180886796
 3560    101     3215778.153272    -3993.130688901
 3580    101     3137753.963291    -3806.649660874
 3600    101     3063620.185431    -3603.969671344
 3620    101     2993707.555685    -3384.438300007
 3640    101     2928358.288703    -3147.569026809
 3660    101     2867922.205969    -2893.097444436
 3680    101     2812751.699697    -2621.040933293
 3700    101     2763195.500771    -2331.757785611
 3720    101     2719591.314245    -2026.000302009
 3740    101     2682257.507884    -1704.955213365
 3760    101     2651484.178607    -1370.264291422
 3780    101     2627524.060613    -1024.018593582
 3800    101     2610583.853244     -668.721704745
 3820    101     2600816.608952     -307.220581571
 3840    101     2598315.808865       57.393213629
 3860    101     2603111.653505      421.904731550
 3880    101     2615169.914967      783.108544043
 3900    101     2634393.458642     1137.940616164
 3920    101     2660626.286183     1483.596601609
 3940    101     2693659.720322     1817.626304286
 3960    101     2733240.183092     2137.997843983
 3980    101     2779077.933569     2443.129460279
 4000    101     2830856.131795     2731.890949589
 4020    101     2888239.667822     3003.579761844
 4040    101     2950883.314527     3257.878467125
 4060    101     3018438.902836     3494.800683990
 4080    101     3090561.354911     3714.631935133
 4100    101     3166913.528489     3917.870658851
 4120    101     3247169.915574     4105.173133042
 4140    101     3331019.299260     4277.304646491
 4160    101     3418166.506744     4435.098051505
 4180    101     3508333.409693     4579.419923471
 4200    101     3601259.321006     4711.143936720
 4220    101     3696700.925112     4831.130701244
 4240    101     3794431.861993     4940.213133562
 4720    394     3757099.124237    -4897.152523165
 4740    394     3660091.755381    -4802.007557745
 4760    394     3565084.441707    -4697.018061880
 4780    394     3472281.961687    -4581.387877060
 4800    394     3381905.436727    -4454.280117432
 4820    394     3294193.057777    -4314.826644757
 4840    394     3209400.578307    -4162.142122231
 4860    394     3127801.471988    -3995.343660917
 4880    394     3049686.633136    -3813.577055900
 4900    394     2975363.479271    -3616.050456266
 4920    394     2905154.301417    -3402.075961279
 4940    394     2839393.703559    -3171.119020719
 4960    394     2778424.983850    -2922.854591351
 4980    394     2722595.343044    -2657.227755799
 5000    394     2672249.866201    -2374.515011172
 5020    394     2627724.315425    -2075.380856328
 5040    394     2589336.893097    -1760.922947213
 5060    394     2557379.278419    -1432.698353488
 5080    394     2532107.388312    -1092.723772057
 5100    394     2513732.441966     -743.444267441
 5120    394     2502412.987430     -387.668282409
 5140    394     2498248.552171      -28.470966237
 5160    394     2501275.491504      330.927444278
 5180    394     2511465.431597      687.297400629
 5200    394     2528726.460290     1037.536756663
 5220    394     2552906.948908     1378.795037269
 5240    394     2583801.638487     1708.574020267
 5260    394     2621159.435654     2024.797275910
 5280    394     2664692.262552     2325.845973590
 5300    394     2714084.296710     2610.562675992
 5320    394     2769001.006930     2878.228200914
 5340    394     2829097.514621     3128.518550840
 5360    394     2894025.957109     3361.449408953
 5380    394     2963441.674851     3577.315084181
 5400    394     3037008.169814     3776.627487412
 5420    394     3114400.878475     3960.059151101
 5440    394     3195309.867519     4128.392780316
 5460    394     3279441.596798     4282.478535921
 5480    394     3366519.907832     4423.199279016
 5500    394     3456286.393638     4551.443350481
 5520    394     3548500.292948     4668.084075167
 5540    394     3642938.033615     4773.965003736
 5560    394     3739392.529691     4869.889873394
 5580    394     3837672.316830     4956.616327390
 5660    337     3838603.485395    -6104.934250801
 5680    337     3716732.320997    -6081.331697271
 5700    337     3595386.173907    -6052.332717512
 5720    337     3474679.272810    -6017.291162075
 5740    337     3354739.793458    -5975.455573727
 5760    337     3235712.148837    -5925.950273263
 5780    337     3117759.689631    -5867.753183757
 5800    337     3001067.883575    -5799.670073698
 5820    337     2885848.047307    -5720.305057473
 5840    337     2772341.704684    -5628.027513471
 5860    337     2660825.637033    -5520.936166821
 5880    337     2551617.666634    -5396.822083636
 5900    337     2445083.164973    -5253.133941278
 5920    337     2341642.186602    -5086.951434601
 5940    337     2241776.978040    -4894.976330686
 5960    337     2146039.372970    -4673.555686207
 5980    337     2055057.234371    -4418.757950640
 6000    337     1969538.623831    -4126.529161489
 6020    337     1890271.784190    -3792.960761594
 6040    337     1818118.399868    -3414.698017278
 6060    337     1753997.155468    -2989.501389635
 6080    337     1698854.710185    -2516.934630743
 6100    337     1653622.326865    -1999.089918154
 6120    337     1619158.954207    -1441.183678280
 6140    337     1596185.517452     -851.801378510
 6160    337     1585219.598517     -242.586731498
 6180    337     1586522.702928      372.703156213
 6200    337     1600071.844424      979.643529369
 6220    337     1625562.389156     1564.755328861
 6240    337     1662441.429812     2116.880796189
 6260    337     1709963.604206     2628.017770150
 6280    337     1767257.230303     3093.520518496
 6300    337     1833388.909496     3511.776284358
 6320    337     1907418.181201     3883.572471422
 6340    337     1988438.262563     4211.369708021
 6360    337     2075602.645004     4498.633349815
 6380    337     2168139.600188     4749.299997313
 6400    337     2265357.547525     4967.396451526
 6420    337     2366644.202577     5156.794438937
 6440    337     2471461.929913     5321.070971775
 6460    337     2579341.098079     5463.443350159
 6480    337     2689872.658703     5586.752774289
 6500    337     2802700.716139     5693.477069546
 6520    337     2917515.525953     5785.759037580
 6540    337     3034047.140594     5865.441687698
 6560    337     3152059.781856     5934.105019593
 6580    337     3271346.937949     5993.101339937
 6600    337     3391727.138536     6043.587581625
 6620    337     3513040.340487     6086.554005541
 6640    337     3635144.850479     6122.849194142
 6660    337     3757914.711822     6153.201532641
 9280    101     3720111.683524    -6642.212840105
 9300    101     3587230.078685    -6645.513229642
 9320    101     3454309.490588    -6646.061373719
 9340    101     3321408.145035    -6643.529070948
 9360    101     3188591.486654    -6637.520107899
 9380    101     3055933.705139    -6627.552912997
 9400    101     2923519.657911    -6613.038007898
 9420    101     2791447.310150    -6593.248473881
 9440    101     2659830.855120    -6567.280975633
 9460    101     2528804.735859    -6534.003939760
 9480    101     2398528.869720    -6491.988167066
 9500    101     2269195.489030    -6439.413336566
 9520    101     2141038.165346    -6373.941395963
 9540    101     2014343.795685    -6292.544638112
 9560    101     1889468.610388    -6191.272465880
 9580    101     1766859.620004    -6064.937227901
 9600    101     1647083.328966    -5906.698504008
 9620    101     1530863.900478    -5707.533156979
 9640    101     1419132.953615    -5455.610036566
 9660    101     1313092.065187    -5135.674097512
 9680    101     1214285.245207    -4728.739567993
 9700    101     1124669.278757    -4212.764021330
 9720    101     1046651.139632    -3565.514584720
 9740    101      983033.151443    -2771.162770541
 9760    101      936782.855844    -1831.061811410
 9780    101      910570.481783     -775.111860805
 9800    101      906146.519976      335.418138489
 9820    101      923823.824142     1421.733467111
 9840    101      962375.569125     2413.016954793
 9860    101     1019418.152940     3266.444622995
 9880    101     1092032.560109     3970.493245361
 9900    101     1177309.843135     4535.660445822
 9920    101     1272671.099352     4982.691518547
 9940    101     1375981.474219     5334.231473563
 9960    101     1485540.421337     5610.654490878
 9980    101     1600019.266555     5828.697266567
10000    101     1718387.298229     6001.485571985
10020    101     1839844.600086     6139.080047252
10040    101     1963767.199954     6249.118315026
10060    101     2089664.516792     6337.388335667
10080    101     2217147.166064     6408.289052406
10100    101     2345902.867912     6465.182595728
10120    101     2475678.470951     6510.657173055
10140    101     2606266.514025     6546.721214886
10160    101     2737495.132921     6574.946321793
10180    101     2869220.430978     6596.572673147
10200    101     3001320.669916     6612.587084948
10220    101     3133691.812169     6623.781153626
10240    101     3266244.073160     6630.794862250
10260    101     3398899.233658     6634.149524021
10280    101     3531588.528351     6634.272858754
10300    101     3664250.974694     6631.518226003
10320    101     3796832.040604     6626.179487349
10900    394     3768725.398310    -4522.107879706
10920    394     3679382.935373    -4410.490911877
10940    394     3592373.868154    -4288.657524880
10960    394     3507909.208250    -4155.937972146
10980    394     3426213.405482    -4011.660412515
11000    394     3347524.242869    -3855.166259705
11020    394     3272092.383620    -3685.829703660
11040    394     3200180.482877    -3503.081756825
11060    394     3132061.772068    -3306.438939523
11080    394     3068018.024891    -3095.536349414
11100    394     3008336.823982    -2870.164346489
11120    394     2953308.068962    -2630.307433271
11140    394     2903219.702351    -2376.183158602
11160    394     2858352.681095    -2108.278104128
11180    394     2818975.287089    -1827.377354333
11200    394     2785336.946514    -1534.583471829
11220    394     2757661.807476    -1231.321080145
11240    394     2736142.397586     -919.323843897
11260    394     2720933.734902     -600.601989257
11280    394     2712148.284256     -277.390442597
11300    394     2709852.126973       47.920063474
11320    394     2714062.642346      372.864340952
11340    394     2724747.889050      694.990231763
11360    394     2741827.737675     1011.945011414
11380    394     2765176.661009     1321.553653944
11400    394     2794627.957793     1621.883077105
11420    394     2829979.086403     1911.288419045
11440    394     2870997.728600     2188.439682421
11460    394     2917428.192696     2452.329288530
11480    394     2968997.795099     2702.262865617
11500    394     3025422.918383     2937.836753426
11520    394     3086414.519666     3158.906203453
11540    394     3151682.942829     3365.548181149
11560    394     3220941.961873     3558.022195794
11580    394     3293912.044457     3736.731876743
11600    394     3370322.871261     3902.189239356
11620    394     3449915.178238     4054.982855610
11640    394     3532442.006766     4195.750531157
11660    394     3617669.453835     4325.156620091
11680    337     3512518.682555    -6486.679443013
11700    337     3382955.080942    -6468.864494008
11720    337     3253798.910576    -6445.824351317
11740    337     3125161.822663    -6416.821881990
11760    337     2997171.655281    -6380.970280573
11780    337     2869975.767677    -6337.197633236
11800    337     2743745.171014    -6284.202361601
11820    337     2618679.660117    -6220.397267666
11840    337     2495014.200050    -6143.839541031
11860    337     2373026.876472    -6052.143908347
11880    337     2253048.773285    -5942.376401017
11900    337     2135476.180535    -5810.927569498
11920    337     2020785.529030    -5653.367442901
11940    337     1909551.336499    -5464.291959796
11960    337     1802467.127101    -5237.184918100
11980    337     1700368.573911    -4964.344813413
12000    337     1604256.749212    -4636.966487346
12020    337     1515317.028950    -4245.523583409
12040    337     1434925.678025    -3780.655551994
12060    337     1364631.797708    -3234.776267256
12080    337     1306098.896918    -2604.495778340
12100    337     1260991.832981    -1893.565601907
12120    337     1230806.773654    -1115.417980497
12140    337     1216666.668258     -293.810811663
12160    337     1219134.149633      539.686578852
12180    337     1238106.618741     1351.204146170
12200    337     1272835.768417     2111.051512754
12220    337     1322063.399094     2798.466481933
12240    337     1384220.588242     3403.112564613
12260    337     1457626.120024     3923.699313691
12280    337     1540640.462699     4365.181348848
12300    337     1631761.399452     4735.903981017
12320    337     1729668.616689     5045.417568976
12340    337     1833232.797241     5303.104367536
12360    337     1941504.223983     5517.466666477
12380    337     2053691.893231     5695.853726933
12400    337     2169139.936474     5844.439287771
12420    337     2287304.983239     5968.321650720
12440    337     2407736.083317     6071.670327822
12460    337     2530057.669684     6157.878896786
12480    337     2653955.471700     6229.705261197
12500    337     2779165.043522     6289.392387262
12520    337     2905462.501219     6338.768577152
12540    337     3032657.074097     6379.329022687
12560    337     3160585.122117     6412.301333269
12580    337     3289105.327093     6438.697839344
12600    337     3418094.819209     6459.357214505
12620    337     3547446.047503     6474.977577971
12640    337     3677064.242306     6486.142849273
12660    337     3806865.349393     6493.343776814
15480    101     3824326.723729    -3114.618903409
15500    101     3763859.099556    -2930.499687307
15520    101     3707172.341002    -2736.543232619
15540    101     3654462.178191    -2532.869506079
15560    101     3605920.788971    -2319.715854039
15580    101     3561734.332723    -2097.448504189
15600    101     3522080.278825    -1866.571436846
15620    101     3487124.592080    -1627.731658894
15640    101     3457018.856296    -1381.719973619
15660    101     3431897.433891    -1129.466502539
15680    101     3411874.771779     -872.030485602
15700    101     3397042.969713     -610.584252585
15720    101     3387469.725131     -346.391692391
15740    101     3383196.757496      -80.782003283
15760    101     3384238.795082      184.880070163
15780    101     3390583.179546      449.225975394
15800    101     3402190.110671      710.915334080
15820    101     3418993.518473      968.666411527
15840    101     3440902.515950     1221.283463105
15860    101     3467803.356269     1467.679644111
15880    101     3499561.795825     1706.894572391
15900    101     3536025.750890     1938.106086703
15920    101     3577028.130948     2160.636190730
15940    101     3622389.735668     2373.951563747
15960    101     3671922.113238     2577.659320025
15980    101     3725430.293580     2771.498893844
16000    101     3782715.328546     2955.331015703
16020    101     3843576.590606     3129.124741360
17040    394     3805634.915125    -4733.485041808
17060    394     3711940.848266    -4634.355692407
17080    394     3620325.661274    -4525.479170617
17100    394     3530991.473332    -4406.133022441
17120    394     3444155.116923    -4275.569916829
17140    394     3360048.530514    -4133.028764405
17160    394     3278918.888451    -3977.749996972
17180    394     3201028.377763    -3808.995712905
17200    394     3126653.518173    -3626.075294856
17220    394     3056083.911583    -3428.376882656
17240    394     2989620.303178    -3215.404696682
17260    394     2927571.841841    -2986.821623037
17280    394     2870252.447011    -2742.495680650
17300    394     2817976.226069    -2482.548019525
17320    394     2771051.944034    -2207.399035139
17340    394     2729776.625879    -1917.808183575
17360    394     2694428.467912    -1614.902372399
17380    394     2665259.339823    -1300.187650227
17400    394     2642487.259521     -975.539569816
17420    394     2626289.301073     -643.169194121
17440    394     2616795.433103     -305.564194970
17460    394     2614083.766055       34.592444888
17480    394     2618177.604899      374.520503975
17500    394     2629044.564733      711.449226037
17520    394     2646597.827993     1042.723159597
17540    394     2670699.430917     1365.897775240
17560    394     2701165.293467     1678.817099039
17580    394     2737771.577091     1979.668273229
17600    394     2780261.884165     2267.011103432
17620    394     2828354.804801     2539.783640898
17640    394     2881751.362346     2797.287183796
17660    394     2940141.992478     3039.155503987
17680    394     3003212.793299     3265.313598584
17700    394     3070650.888123     3475.930994124
17720    394     3142148.836086     3671.373851050
17740    394     3217408.100620     3852.159090269
17760    394     3296141.639530     4018.912707520
17780    394     3378075.714147     4172.333498980
17800    394     3462951.031519     4313.162667355
17820    337     3405391.004332    -3046.849611472
17840    337     3346716.018511    -2818.466781473
17860    337     3292738.932563    -2577.100812007
17880    337     3243716.235461    -2323.104981825
17900    337     3199895.125413    -2057.058451310
17920    337     3161508.813569    -1779.782889483
17940    337     3128771.577754    -1492.350441634
17960    337     3101873.762429    -1196.080804948
17980    337     3080976.960347     -892.525782633
18000    337     3066209.634936     -583.440637084
18020    337     3057663.444260     -270.742781484
18040    337     3055390.503231       43.540316247
18060    337     3059401.770536      357.330897663
18080    337     3069666.674261      668.564287479
18100    337     3086114.003522      975.251360500
18120    337     3108634.003290     1275.535699359
18140    337     3137081.527310     1567.741703473
18160    337     3171280.039526     1850.410993970
18180    337     3211026.214222     2122.325767195
18200    337     3256094.871400     2382.519062559
18220    337     3306243.994995     2630.273039657
18240    337     3361219.612199     2865.107179979
18260    337     3420760.355671     3086.758790823
18280    337     3484601.579752     3295.158312794
18300    337     3552478.950699     3490.401783504
18320    337     3624131.474936     3672.722477512
18340    337     3699303.965499     3842.463314736