    0      757700.301000     5222606.566000     4851499.770000     2213.250611000     4678.372741000    -5371.314404000
   20      801798.420103     5315038.910434     4743030.354092     2196.402301705     4564.527524948    -5475.236771921
   40      845550.057519     5405174.464561     4632506.066482     2178.603673991     4448.701973067    -5576.794069548
   60      888936.282172     5492974.120371     4519974.655485     2159.862326714     4330.946102936    -5675.941775958
   80      931938.319142     5578399.778985     4405484.749533     2140.186276457     4211.310807224    -5772.636404057
  100      974537.557996     5661414.367950     4289085.836291     2119.583954639     4089.847832271    -5866.835522008
  120     1016715.561049     5741981.858091     4170828.241330     2098.064204405     3966.609756113    -5958.497774264
  140     1058454.071570     5820067.279927     4050763.106397     2075.636277296     3841.649965991    -6047.582902185
  160     1099735.021915     5895636.739622     3928942.367271     2052.309829703     3715.022635353    -6134.051764187
  180     1140540.541582     5968657.434478     3805418.731229     2028.094919095     3586.782700343    -6217.866355448
  200     1180852.965200     6039097.667945     3680245.654115     2003.002000028     3456.985835797    -6298.989827119
  220     1220654.840423     6106926.864152     3553477.317035     1977.041919937     3325.688430734    -6377.386505041
 3420    -1535353.988820    -6586806.749699    -2419756.997702    -1715.148598038    -2138.412214217     6924.076603530
 3440    -1569324.081674    -6628154.401735    -2280763.347815    -1681.738148325    -1996.201745797     6974.789578475
 3460    -1602618.661113    -6666648.974636    -2140785.441346    -1647.599663794    -1853.114557512     7022.498580077
 3480    -1635223.311964    -6702273.550798    -1999883.574309    -1612.747750822    -1709.212397133     7067.182171550
 3500    -1667123.914411    -6735012.451594    -1858118.458318    -1577.197338060    -1564.557409916     7108.820231750
 3520    -1698306.650383    -6764851.245039    -1715551.194169    -1540.963670076    -1419.212110640     7147.393966535
 3540    -1728758.009804    -6791776.752909    -1572243.245172    -1504.062300786    -1273.239355246     7182.885919502
 3560    -1758464.796717    -6815777.057268    -1428256.410295    -1466.509086709    -1126.702312260     7215.279982016
 3580    -1787414.135259    -6836841.506441    -1283652.797139    -1428.320180057     -979.664434018     7244.561402546
 3600    -1815593.475511    -6854960.720391    -1138494.794685    -1389.512021612     -832.189427520     7270.716795336
 3620    -1842990.599197    -6870126.595525     -992845.045898    -1350.101333429     -684.341225061     7293.734148350
 3640    -1869593.625230    -6882332.308904     -846766.420198    -1310.105111396     -536.183954813     7313.602830480
 3660    -1895391.015117    -6891572.321863     -700321.985753    -1269.540617584     -387.781910998     7330.313598062
 3680    -1920371.578202    -6897842.383033     -553574.981687    -1228.425372467     -239.199524082     7343.858600614
 3700    -1944524.476759    -6901139.530767     -406588.790155    -1186.777146962      -90.501330710     7354.231385862
 3720    -1967839.230915    -6901462.094960     -259426.908346    -1144.613954334       58.248056397     7361.426903984
 3740    -1990305.723417    -6898809.698272     -112152.920383    -1101.954041933      206.983978717     7365.441511116
 3760    -2011914.204232    -6893183.256740       35169.530810    -1058.815882812      355.641762201     7366.272972084
 3780    -2032655.294973    -6884584.979781      182476.771715    -1015.218167193      504.156747663     7363.920462367
 3800    -2052519.993157    -6873018.369597      329705.126436     -971.179793811      652.464321145     7358.384569291
 3820    -2071499.676288    -6858488.219961      476790.944948     -926.719861138      800.499944320     7349.667292449
 3840    -2089586.105762    -6841000.614405      623670.631339     -881.857658479      948.199184869     7337.772043348
 3860    -2106771.430597    -6820562.923794      770280.672037     -836.612656979     1095.497746795     7322.703644273
 3880    -2123048.190972    -6797183.803297      916557.664005     -791.004500508     1242.331500694     7304.468326388
 3900    -2138409.321599    -6770873.188754     1062438.342905     -745.052996456     1388.636513950     7283.073727053
 3920    -2152848.154892    -6741642.292439     1207859.611168     -698.778106459     1534.349080743     7258.528886385
 3940    -2166358.423964    -6709503.598225     1352758.566032     -652.199937004     1679.405752048     7230.844243034
 3960    -2178934.265427    -6674470.856147     1497072.527446     -605.338730004     1823.743365353     7200.031629218
 3980    -2190570.222007    -6636559.076384     1640739.065890     -558.214853283     1967.299074244     7166.104264993
 4000    -2201261.244964    -6595784.522629     1783696.030080     -510.848790986     2110.010377872     7129.076751758
 4020    -2211002.696327    -6552164.704901     1925881.574504     -463.261133991     2251.815150014     7088.965065062
 4040    -2219790.350926    -6505718.371752     2067234.186835     -415.472570223     2392.651668050     7045.786546631
 4060    -2227620.398241    -6456465.501912     2207692.715182     -367.503874945     2532.458641653     6999.559895689
 4080    -2234489.444051    -6404427.295354     2347196.395133     -319.375901036     2671.175241126     6950.305159568
 4100    -2240394.511884    -6349626.163814     2485684.876609     -271.109569250     2808.741125440     6898.043723633
 4120    -2245333.044283    -6292085.720723     2623098.250536     -222.725858429     2945.096470040     6842.798300476
 4140    -2249302.903867    -6231830.770610     2759377.075275     -174.245795723     3080.181994265     6784.592918440
 4160    -2252302.374198    -6168887.297953     2894462.402808     -125.690446826     3213.938988359     6723.452909505
 4180    -2254330.160458    -6103282.455497     3028295.804677      -77.080906220     3346.309340121     6659.404896522
 4200    -2255385.389923    -6035044.552030     3160819.397695      -28.438287383     3477.235561284     6592.476779739
 4220    -2255467.612250    -5964203.039657     3291975.869322       20.216286911     3606.660813298     6522.697722809
 4240    -2254576.799561    -5890788.500537     3421708.502814       68.861694324     3734.528932856     6450.098138098
 4720    -1948546.884276    -3454750.347703     5973442.949794     1179.619814087     6204.328290848     3960.842334086
 4740    -1924536.175277    -3329928.028673     6051363.211699     1221.364596898     6277.454773955     3830.903901604
 4760    -1899695.819473    -3203670.213371     6126668.095537     1262.581526474     6347.872801963     3699.313943682
 4780    -1874036.551231    -3076031.373957     6199325.138036     1303.252912192     6415.552265375     3566.129296272
 4800    -1847569.456335    -2947066.572965     6269303.019296     1343.361303826     6480.464237937     3431.407456499
 4820    -1820305.967115    -2816831.439534     6336571.575764     1382.889498492     6542.580987097     3295.206557760
 4840    -1792257.857426    -2685382.145435     6401101.812712     1421.820547465     6601.875983958     3157.585344692
 4860    -1763437.237499    -2552775.380899     6462865.916204     1460.137762869     6658.323912724     3018.603148038
 4880    -1733856.548664    -2419068.330273     6521837.264570     1497.824724234     6711.900679645     2878.319859408
 4900    -1703528.557929    -2284318.647488     6577990.439368     1534.865284936     6762.583421490     2736.795905909
 4920    -1672466.352445    -2148584.431360     6631301.235846     1571.243578506     6810.350513519     2594.092224694
 4940    -1640683.333837    -2011924.200754     6681746.672879     1606.944024808     6855.181576979     2450.270237438
 4960    -1608193.212419    -1874396.869588     6729305.002411     1641.951336092     6897.057486119     2305.391824752
 4980    -1575010.001290    -1736061.721723     6773955.718369     1676.250522909     6935.960374724     2159.519300559
 5000    -1541148.010304    -1596978.385691     6815679.565081     1709.826899925     6971.873642222     2012.715386317
 5020    -1506621.839933    -1457206.809324     6854458.545163     1742.666091602     7004.781959308     1865.043185217
 5040    -1471446.375014    -1316807.234290     6890275.926898     1774.754037739     7034.671273107     1716.566156400
 5060    -1435636.778395    -1175840.170519     6923116.251095     1806.076998893     7061.528811893     1567.348089103
 5080    -1399208.484455    -1034366.370511     6952965.337432     1836.621561709     7085.343089388     1417.453076645
 5100    -1362177.192538     -892446.803618     6979810.290281     1866.374644083     7106.103908586     1266.945490555
 5120    -1324558.860276     -750142.630208     7003639.504005     1895.323500227     7123.802365158     1115.889954570
 5140    -1286369.696811     -607515.175776     7024442.667752     1923.455725622     7138.430850434      964.351318555
 5160    -1247626.155924     -464625.905024     7042210.769709     1950.759261821     7149.983053931      812.394632546
 5180    -1208344.929063     -321536.395855     7056936.100848     1977.222401164     7158.453965482      660.085120586
 5200    -1168542.938285     -178308.313362     7068612.258145     2002.833791353     7163.839876927      507.488154684
 5220    -1128237.329100      -35003.383768     7077234.147280     2027.582439913     7166.138383380      354.669228671
 5240    -1087445.463236      108316.631645     7082797.984806     2051.457718540     7165.348384092      201.693932053
 5260    -1046184.911307      251589.962626     7085301.299808     2074.449367326     7161.470082879       48.627923859
 5280    -1004473.445409      394754.856047     7084742.935028     2096.547498860     7154.504988143     -104.463093541
 5300     -962329.031625      537749.601989     7081123.047471     2117.742602221     7144.455912472     -257.513400634
 5320     -919769.822463      680512.559823     7074443.108483     2138.025546846     7131.326971827     -410.457286977
 5340     -876814.149205      822982.184262     7064705.903311     2157.387586277     7115.123584302     -563.229077419
 5360     -833480.514192      965097.051385     7051915.530135     2175.820361794     7095.852468479     -715.763158335
 5380     -789787.583030     1106795.884638     7036077.398572     2193.315905926     7073.521641349     -867.994003900
 5400     -745754.176738     1248017.580763     7017198.227658     2209.866645833     7048.140415824    -1019.856202311
 5420     -701399.263814     1388701.235700     6995286.043308     2225.465406578     7019.719397810    -1171.284482084
 5440     -656741.952251     1528786.170412     6970350.175241     2240.105414274     6988.270482860    -1322.213738344
 5460     -611801.481486     1668211.956627     6942401.253393     2253.780299090     6953.806852414    -1472.579059030
 5480     -566597.214284     1806918.442539     6911451.203791     2266.484098158     6916.342969560    -1622.315751276
 5500     -521148.628576     1944845.778380     6877513.243907     2278.211258335     6875.894574397    -1771.359367647
 5520     -475475.309240     2081934.441900     6840601.877495     2288.956638832     6832.478678959    -1919.645732363
 5540     -429596.939821     2218125.263776     6800732.888882     2298.715513728     6786.113561648    -2067.110967659
 5560     -383533.294213     2353359.452867     6757923.336752     2307.483574343     6736.818761246    -2213.691520022
 5580     -337304.228297     2487578.621347     6712191.547405     2315.256931468     6684.615070496    -2359.324186357
 5660     -151133.276390     3013152.845757     6500452.488181     2336.340336251     6447.170746294    -2931.125664567
 5680     -104377.225551     3141436.952810     6440428.235150     2339.096658561     6380.777872465    -3071.084955407
 5700      -57576.137624     3268365.572247     6377617.878604     2340.843858778     6311.626777275    -3209.725968069
 5720      -10750.204791     3393883.831162     6312048.385190     2341.581034795     6239.746810890    -3346.988685116
 5740       36080.367044     3517937.455516     6243747.916356     2341.307716708     6165.168508694    -3482.813648243
 5760       82895.366908     3640472.793744     6172745.816911     2340.023867715     6087.923580468    -3617.141984102
 5780      129674.587430     3761436.840125     6099072.603066     2337.729884858     6008.044899054    -3749.915430016
 5800      176397.833523     3880777.257927     6022759.949965     2334.426599589     5925.566488501    -3881.076359602
 5820      223044.931076     3998442.402306     5943840.678707     2330.115278175     5840.523511692    -4010.567808269
 5840      269595.735655     4114381.342964     5862348.742848     2324.797621926     5752.952257419    -4138.333498622
 5860      316030.141200     4228543.886518     5778319.214415     2318.475767240     5662.890126970    -4264.317865659
 5880      362328.088734     4340880.598626     5691788.269396     2311.152285482     5570.375620105    -4388.466081923
 5900      408469.575049     4451342.825800     5602793.172752     2302.830182666     5475.448320589    -4510.724082353
 5920      454434.661405     4559882.716950     5511372.262906     2293.512898955     5378.148881047    -4631.038589117
 5940      500203.482197     4666453.244585     5417564.935771     2283.204307981     5278.519007436    -4749.357136057
 5960      545756.253621     4771008.225745     5321411.628256     2271.908715951     5176.601442804    -4865.628093118
 5980      591073.282317     4873502.342559     5222953.801306     2259.630860577     5072.439950584    -4979.800690426
 6000      636134.973980     4973891.162478     5122233.922476     2246.375909801     4966.079297373    -5091.825042111
 6020      680921.841955     5072131.158176     5019295.447990     2232.149460313     4857.565235045    -5201.652169973
 6040      725414.515798     5168179.727066     4914182.804363     2216.957535869     4746.944482371    -5309.234026800
 6060      769593.749791     5261995.210443     4806941.369560     2200.806585402     4634.264706130    -5414.523519358
 6080      813440.431428     5353536.912256     4697617.453681     2183.703480932     4519.574501616    -5517.474531114
 6100      856935.589859     5442765.117479     4586258.279200     2165.655515244     4402.923372581    -5618.041944643
 6120      900060.404276     5529641.110078     4472911.960761     2146.670399372     4284.361710664    -5716.181663645
 6140      942796.212252     5614127.190554     4357627.484544     2126.756259858     4163.940774281    -5811.850634591
 6160      985124.518018     5696186.693063     4240454.687197     2105.921635801     4041.712667001    -5905.006867975
 6180     1027027.000688     5775784.002097     4121444.234347     2084.175475687     3917.730315346    -5995.609459173
 6200     1068485.522412     5852884.568721     4000647.598689     2061.527133987     3792.047446078    -6083.618608874
 6220     1109482.136460     5927454.926346     3878117.037686     2037.986367553     3664.718562986    -6168.995643052
 6240     1149999.095230     5999462.706031     3753905.570862     2013.563331781     3535.798923162    -6251.703032462
 6260     1190018.858180     6068876.651310     3628066.956721     1988.268576560     3405.344512783    -6331.704411654
 6280     1229524.099677     6135666.632523     3500655.669286     1962.113041997     3273.412022398    -6408.964597477
 6300     1268497.716752     6199803.660658     3371726.874267     1935.108053921     3140.058821749    -6483.449607058
 6320     1306922.836773     6261259.900675     3241336.404883     1907.265319168     3005.342934127    -6555.126675229
 6340     1344782.825013     6320008.684317     3109540.737344     1878.596920648     2869.323010270    -6623.964271395
 6360     1382061.292119     6376024.522396     2976396.965985     1849.115312190     2732.058301825    -6689.932115821
 6380     1418742.101483     6429283.116541     2841962.778097     1818.833313169     2593.608634386    -6753.001195313
 6400     1454809.376491     6479761.370408     2706296.428443     1787.764102923     2454.034380131    -6813.143778280
 6420     1490247.507669     6527437.400330     2569456.713476     1755.921214953     2313.396430065    -6870.333429163
 6440     1525041.159706     6572290.545414     2431502.945288     1723.318530916     2171.756165892    -6924.545022208
 6460     1559175.278350     6614301.377070     2292494.925284     1689.970274415     2029.175431570    -6975.754754560
 6480     1592635.097188     6653451.707969     2152492.917591     1655.891004569     1885.716504460    -7023.940158700
 6500     1625406.144291     6689724.600423     2011557.622233     1621.095609391     1741.442066175    -7069.080114171
 6520     1657474.248724     6723104.374173     1869750.148072     1585.599298961     1596.415173145    -7111.154858594
 6540     1688825.546914     6753576.613591     1727131.985559     1549.417598423     1450.699226942    -7150.145997941
 6560     1719446.488881     6781128.174279     1583764.979269     1512.566340783     1304.357944330    -7186.036516089
 6580     1749323.844322     6805747.189076     1439711.300234     1475.061659501     1157.455327001    -7218.810783633
 6600     1778444.708549     6827423.073452     1295033.418137     1436.919980929     1010.055631183    -7248.454565926
 6620     1806796.508259     6846146.530292     1149794.073361     1398.158016579      862.223337121    -7274.955030337
 6640     1834367.007171     6861909.554068     1004056.248853     1358.792755190      714.023118213    -7298.300752762
 6660     1861144.311481     6874705.434397      857883.141911     1318.841454651      565.519810150    -7318.481723331
 9280    -1171073.329047    -6051090.852481    -3690846.732298    -1991.687469716    -3447.904809754     6290.422695546
 9300    -1210652.522926    -6118743.432816    -3564252.001249    -1966.089533603    -3317.107825245     6368.597535646
 9320    -1249711.251349    -6183765.536672    -3436121.059700    -1939.642753577    -3184.866539943     6444.038089590
 9340    -1288232.648457    -6246128.842932    -3306508.928857    -1912.358294051    -3051.237553858     6516.711003760
 9360    -1326200.075410    -6305806.168999    -3175471.285264    -1884.247691700    -2916.278114554     6586.584100702
 9380    -1363597.127788    -6362771.483497    -3043064.437113    -1855.322851087    -2780.046092888     6653.626396020
 9400    -1400407.642903    -6416999.918499    -2909345.300212    -1825.596040068    -2642.599958303     6717.808114770
 9420    -1436615.707017    -6468467.781239    -2774371.373642    -1795.079884999    -2503.998753689     6779.100707327
 9440    -1472205.662464    -6517152.565335    -2638200.715097    -1763.787365736    -2364.302069820     6837.476864722
 9460    -1507162.114665    -6563032.961480    -2500891.915921    -1731.731810425    -2223.570019399     6892.910533409
 9480    -1541469.939040    -6606088.867619    -2362504.075861    -1698.926890090    -2081.863210663     6945.376929482
 9500    -1575114.287816    -6646301.398598    -2223096.777522    -1665.386613009    -1939.242720617     6994.852552294
 9520    -1608080.596707    -6683652.895266    -2082730.060582    -1631.125318896    -1795.770067910     7041.315197469
 9540    -1640354.591488    -6718126.933030    -1941464.395738    -1596.157672887    -1651.507185371     7084.743969284
 9560    -1671922.294437    -6749708.329865    -1799360.658427    -1560.498659337    -1506.516392241     7125.119292414
 9580    -1702770.030657    -6778383.153759    -1656480.102292    -1524.163575397    -1360.860366005     7162.422923048
 9600    -1732884.434272    -6804138.729598    -1512884.332438    -1487.168024414    -1214.602113941     7196.637959325
 9620    -1762252.454474    -6826963.645473    -1368635.278516    -1449.527909154    -1067.804944468     7227.748851087
 9640    -1790861.361448    -6846847.758411    -1223795.167592    -1411.259424840     -920.532438212     7255.741408935
 9660    -1818698.752148    -6863782.199532    -1078426.496828    -1372.379051981     -772.848418707     7280.602812614
 9680    -1845752.555933    -6877759.378611     -932592.006045    -1332.903549063     -624.816923054     7302.321618649
 9700    -1872011.040045    -6888772.988053     -786354.650108    -1292.849945059     -476.502172301     7320.887767271
 9720    -1897462.814950    -6896818.006276     -639777.571179    -1252.235531745     -327.968541578     7336.292588617
 9740    -1922096.839510    -6901890.700491     -492924.070886    -1211.077855903     -179.280530249     7348.528808172
 9760    -1945902.426008    -6903988.628890     -345857.582341    -1169.394711324      -30.502731733     7357.590551480
 9780    -1968869.245004    -6903110.642221     -198641.642118    -1127.204130688      118.300196625     7363.473348079
 9800    -1990987.330034    -6899256.884765      -51339.862131    -1084.524377287      267.063563860     7366.174134697
 9820    -2012247.082133    -6892428.794708       95984.098532    -1041.373936614      415.722675726     7365.691257660
 9840    -2032639.274199    -6882629.103899      243266.561821     -997.771507816      564.212865083     7362.024474545
 9860    -2052155.055176    -6869861.837005      390443.858958     -953.735995025      712.469522296     7355.174955056
 9880    -2070785.954067    -6854132.310059      537452.358680     -909.286498565      860.428125634     7345.145281125
 9900    -2088523.883772    -6835447.128395      684228.495483     -864.442306047     1008.024271647     7331.939446234
 9920    -2105361.144737    -6813814.183981      830708.797836     -819.222883358     1155.193705473     7315.562853970
 9940    -2121290.428436    -6789242.652144      976829.916357     -773.647865556     1301.872351069     7296.022315804
 9960    -2136304.820659    -6761742.987693     1122528.651960     -727.737047652     1447.996341394     7273.326048088
 9980    -2150397.804615    -6731326.920437     1267741.983890     -681.510375346     1593.502048371     7247.483668307
10000    -2163563.263860    -6698007.450108     1412407.097729     -634.987935634     1738.326112820     7218.506190536
10020    -2175795.485023    -6661798.840684     1556461.413255     -588.189947386     1882.405474151     7186.406020164
10040    -2187089.160349    -6622716.614126     1699842.612216     -541.136751853     2025.677399840     7151.196947859
10060    -2197439.390053    -6580777.543514     1842488.665978     -493.848803081     2168.079514844     7112.894142765
10080    -2206841.684478    -6535999.645618     1984337.863009     -446.346658333     2309.549830592     7071.514144997
10100    -2215291.966066    -6488402.172873     2125328.836213     -398.650968440     2450.026773823     7027.074857390
10120    -2222786.571129    -6438005.604784     2265400.590113     -350.782468102     2589.449215200     6979.595536506
10140    -2229322.251432    -6384831.638769     2404492.527825     -302.761966185     2727.756497554     6929.096782959
10160    -2234896.175576    -6328903.180438     2542544.477820     -254.610336011     2864.888463788     6875.600531053
10180    -2239505.930194    -6270244.333311     2679496.720500     -206.348505611     3000.785484538     6819.130037700
10200    -2243149.520945    -6208880.387986     2815290.014543     -157.997447966     3135.388485474     6759.709870668
10220    -2245825.373314    -6144837.810775     2949865.622991     -109.578171270     3268.638974204     6697.365896186
10240    -2247532.333223    -6078144.231800     3083165.339070      -61.111709227     3400.479066733     6632.125265921
10260    -2248269.667442    -6008828.432557     3215131.511798      -12.619111289     3530.851513701     6564.016403251
10280    -2248037.063806    -5936920.332969     3345707.071247       35.878567004     3659.699726023     6493.068989008
10300    -2246834.631242    -5862450.977928     3474835.553564       84.360273704     3786.967800231     6419.313946552
10320    -2244662.899599    -5785452.523331     3602461.125654      132.804970079     3912.600543295     6342.783426304
10900    -1777264.103380    -2632908.274013     6426932.583875     1429.707623792     6627.276960798     3100.359877603
10920    -1748288.986609    -2499804.838119     6487546.686586     1467.699822480     6682.588301785     2960.832665358
10940    -1718560.333706    -2365623.952475     6545357.382290     1505.058546443     6735.018103631     2820.029240737
10960    -1688090.974677    -2230423.473655     6600339.752301     1541.767790805     6784.543993854     2678.010245323
10980    -1656894.056826    -2094261.693278     6652470.095801     1577.811831913     6831.144841987     2534.836820244
11000    -1624983.039064    -1957197.313081     6701725.939579     1613.175233462     6874.800766886     2390.570580598
11020    -1592371.686105    -1819289.419874     6748086.047255     1647.842852485     6915.493143562     2245.273589826
11040    -1559074.062540    -1680597.460355     6791530.427985     1681.799845214     6953.204609533     2099.008334060
11060    -1525104.526799    -1541181.215806     6832040.344656     1715.031672818     6987.919070729     1951.837696378
11080    -1490477.724988    -1401100.776648     6869598.321577     1747.524107040     7019.621706949     1803.824930938
11100    -1455208.584626    -1260416.516922     6904188.151634     1779.263235684     7048.298976852     1655.033637140
11120    -1419312.308275    -1119189.068686     6935794.902934     1810.235467973     7073.938622484     1505.527733809
11140    -1382804.367051     -977479.296276     6964404.924944     1840.427539820     7096.529673409     1355.371433161
11160    -1345700.494042     -835348.270531     6990005.854089     1869.826518950     7116.062450358     1204.629214861
11180    -1308016.677623     -692857.242943     7012586.618847     1898.419809900     7132.528568462     1053.365800072
11200    -1269769.154669     -550067.619725     7032137.444317     1926.195158921     7145.920940058      901.646125319
11220    -1230974.403673     -407040.935860     7048649.856264     1953.140658732     7156.233777055      749.535316534
11240    -1191649.137768     -263838.829075     7062116.684648     1979.244753183     7163.462592884      597.098662884
11260    -1151810.297664     -120523.013799     7072532.066631     2004.496241774     7167.604204027      444.401590709
11280    -1111475.044487       22844.744903     7079891.449050     2028.884284075     7168.656731113      291.509637375
11300    -1070660.752532      166202.657431     7084191.590386     2052.398404016     7166.619599614      138.488425117
11320    -1029385.001941      309488.935744     7085430.562194     2075.028494065     7161.493540103      -14.596365123
11340     -987665.571285      452641.819462     7083607.750017     2096.764819283     7153.280588111     -167.679019888
11360     -945520.430076      595599.601962     7078723.853772     2117.598021268     7141.984083558     -320.693819409
11380     -902967.731195      738300.656454     7070780.887618     2137.519121971     7127.608669768     -473.575063827
11400     -860025.803252      880683.462039     7059782.179293     2156.519527402     7110.160292067     -626.257099425
11420     -816713.142864     1022686.629725     7045732.368931     2174.591031208     7089.646195964     -778.674344858
11440     -773048.406870     1164248.928423     7028637.407346     2191.725818143     7066.074924899     -930.761317446
11460     -729050.404477     1305309.310860     7008504.553804     2207.916467402     7039.456317590    -1082.452659392
11480     -684738.089336     1445806.939470     6985342.373258     2223.155955845     7009.801504930    -1233.683164080
11500     -640130.551554     1585681.212202     6959160.733061     2237.437661093     6977.122906462    -1384.387802388
11520     -595247.009661     1724871.788235     6929970.799159     2250.755364496     6941.434226448    -1534.501748869
11540     -550106.802492     1863318.613660     6897785.031745     2263.103253984     6902.750449452    -1683.960408142
11560     -504729.381037     2000961.947019     6862617.180404     2274.475926787     6861.087835519    -1832.699441146
11580     -459134.300229     2137742.384757     6824482.278720     2284.868392015     6816.463914917    -1980.654791345
11600     -413341.210677     2273600.886587     6783396.638362     2294.276073123     6768.897482396    -2127.762711073
11620     -367369.850357     2408478.800716     6739377.842644     2302.694810237     6718.408591000    -2273.959787795
11640     -321240.036261     2542317.888924     6692444.739564     2310.120862336     6665.018545466    -2419.182970251
11660     -274971.655992     2675060.351559     6642617.434312     2316.550909308     6608.749895087    -2563.369594765
11680     -228584.659333     2806648.852331     6589917.281257     2321.982053860     6549.626426147    -2706.457411389
11700     -182099.049767     2937026.542978     6534366.875414     2326.411823281     6487.673153889    -2848.384610034
11720     -135534.875974     3066137.087765     6475990.043379     2329.838171071     6422.916313953    -2989.089846622
11740      -88912.223289     3193924.687798     6414811.833758     2332.259478405     6355.383353382    -3128.512269104
11760      -42251.205136     3320334.105157     6350858.507057     2333.674555459     6285.102921096    -3266.591543479
11780        4428.045567     3445310.686839     6284157.525066     2334.082642575     6212.104857875    -3403.267879736
11800       51105.385015     3568800.388487     6214737.539722     2333.483411271     6136.420185844    -3538.482057702
11820       97760.667156     3690749.797906     6142628.381449     2331.876965085     6058.081097440    -3672.175452823
11840      144373.752331     3811106.158362     6067861.046993     2329.263840260     5977.120943865    -3804.290061847
11860      190924.515942     3929817.391628     5990467.686740     2325.645006259     5893.574223010    -3934.768528395
11880      237392.857111     4046832.120798     5910481.591523     2321.021866112     5807.476566870    -4063.554168410
11900      283758.707361     4162099.692841     5827937.178917     2315.396256582     5718.864728385    -4190.590995515
11920      330002.039285     4275570.200876     5742869.979045     2308.770448164     5627.776567820    -4315.823746133
11940      376102.875226     4387194.506190     5655316.619857     2301.147144889     5534.251038501    -4439.197904589
11960      422041.295934     4496924.259933     5565314.811940     2292.529483962     5438.328172132    -4560.659727875
11980      467797.449236     4604711.924560     5472903.332796     2282.921035195     5340.049063417    -4680.156270409
12000      513351.558672     4710510.794906     5378122.010673     2272.325800265     5239.455854296    -4797.635408411
12020      558683.932127     4814275.018987     5281011.707869     2260.748211764     5136.591717494    -4913.045864198
12040      603774.970440     4915959.618444     5181614.303569     2248.193132063     5031.500839559    -5026.337230214
12060      648605.175980     5015520.508633     5079972.676218     2234.665851976     4924.228403418    -5137.459992720
12080      693155.161206     5112914.518386     4976130.685403     2220.172089218     4814.820570276    -5246.365555333
12100      737405.657188     5208099.409392     4870133.153260     2204.717986656     4703.324460985    -5353.006262247
12120      781337.522088     5301033.895191     4762025.845450     2188.310110359     4589.788136907    -5457.335421106
12140      824931.749600     5391677.659787     4651855.451665     2170.955447439     4474.260580230    -5559.307325557
12160      868169.477354     5479991.375872     4539669.565673     2152.661403679     4356.791673664    -5658.877277524
12180      911031.995261     5565936.722624     4425516.664937     2133.435800938     4237.432179642    -5756.001609078
12200      953500.753807     5649476.403092     4309446.089796     2113.286874352     4116.233718979    -5850.637703931
12220      995557.372289     5730574.161141     4191508.022223     2092.223269320     3993.248749006    -5942.744018519
12240     1037183.646985     5809194.797960     4071753.464167     2070.254038265     3868.530541184    -6032.280102671
12260     1078361.559265     5885304.188119     3950234.215477     2047.388637179     3742.133158163    -6119.206619857
12280     1119073.283623     5958869.295157     3827002.851428     2023.636921946     3614.111430345    -6203.485366975
12300     1159301.195640     6029858.186701     3702112.699863     1999.009144448     3484.520931947    -6285.079293647
12320     1199027.879858     6098240.049099     3575617.817946     1973.515948447     3353.417956576    -6363.952521022
12340     1238236.137577     6163985.201554     3447572.968550     1947.168365252     3220.859492313    -6440.070360065
12360     1276908.994563     6227065.109768     3318033.596284     1919.977809160     3086.903196332    -6513.399329313
12380     1315029.708658     6287452.399061     3187055.803164     1891.956072682     2951.607369052    -6583.907172070
12400     1352581.777292     6345120.866974     3054696.323955     1863.115321549     2815.030927864    -6651.562873033
12420     1389548.944901     6400045.495344     2921012.501184     1833.468089505     2677.233380407    -6716.336674324
12440     1425915.210229     6452202.461836     2786062.259831     1803.027272872     2538.274797430    -6778.200090924
12460     1461664.833528     6501569.150933     2649904.081720     1771.806124915     2398.215785251    -6837.125925476
12480     1496782.343635     6548124.164369     2512596.979627     1739.818249987     2257.117457835    -6893.088282440
12500     1531252.544934     6591847.330999     2374200.471106     1707.077597466     2115.041408511    -6946.062581597
12520     1565060.524197     6632719.716097     2234774.552057     1673.598455491     1972.049681355    -6996.025570863
12540     1598191.657289     6670723.630087     2094379.670045     1639.395444499     1828.204742247    -7042.955338420
12560     1630631.615753     6705842.636682     1953076.697370     1604.483510544     1683.569449564    -7086.831324164
12580     1662366.373253     6738061.560446     1810926.903919     1568.877918426     1538.207024611    -7127.634330415
12600     1693382.211878     6767366.493747     1667991.929824     1532.594244640     1392.181021810    -7165.346531900
12620     1723665.728302     6793744.803123     1524333.757938     1495.648370143     1245.555298682    -7199.951484975
12640     1753203.839801     6817185.135040     1380014.686085     1458.056472907     1098.393985479    -7231.434136139
12660     1781983.790119     6837677.421044     1235097.299189     1419.835020307      950.761454671    -7259.780829751
15480    -1443535.442690    -6490655.377813    -2718300.256449    -1779.292676008    -2448.601669969     6803.557747554
15500    -1478808.171322    -6538227.452147    -2581652.555643    -1747.853024778    -2308.432165269     6860.722277260
15520    -1513444.522185    -6582985.922119    -2443891.051441    -1715.657160478    -2167.251331101     6914.933937358
15540    -1547429.507829    -6624911.168570    -2305075.045937    -1682.718820340    -2025.119988892     6966.168471494
15560    -1580748.418898    -6663984.793390    -2165264.313491    -1649.052075933    -1882.099418140     7014.402911996
15580    -1613386.830765    -6700189.628416    -2024519.074818    -1614.671327290    -1738.251329115     7059.615592643
15600    -1645330.610039    -6733509.743771    -1882899.970835    -1579.591296838    -1593.637835227     7101.786160794
15620    -1676565.920949    -6763930.455640    -1740468.036282    -1543.827023144    -1448.321425103     7140.895588870
15640    -1707079.231599    -6791438.333501    -1597284.673121    -1507.393854473    -1302.364934370     7176.926185168
15660    -1736857.320103    -6816021.206773    -1453411.623695    -1470.307442134    -1155.831517041     7209.861604045
15680    -1765887.280578    -6837668.170904    -1308910.943714    -1432.583733642    -1008.784616688     7239.686855389
15700    -1794156.528991    -6856369.592863    -1163844.975072    -1394.238965741     -861.287937450     7266.388313383
15720    -1821652.808876    -6872117.116066    -1018276.318466    -1355.289657193     -713.405414672     7289.953724587
15740    -1848364.196904    -6884903.664702     -872267.805866    -1315.752601417     -565.201185365     7310.372215300
15760    -1874279.108297    -6894723.447466     -725882.472882    -1275.644858985     -416.739558600     7327.634298163
15780    -1899386.302096    -6901571.960712     -579183.530938    -1234.983749897     -268.084985518     7341.731878073
15800    -1923674.886272    -6905445.990982     -432234.339409    -1193.786845761     -119.302029419     7352.658257309
15820    -1947134.322675    -6906343.616958     -285098.377603    -1152.071961760       29.544664464     7360.408139931
15840    -1969754.431830    -6904264.210794     -137839.216705    -1109.857148521      178.390399146     7364.977635413
15860    -1991525.397558    -6899208.438845        9479.508371    -1067.160683808      327.170456243     7366.364261513
15880    -2012437.771436    -6891178.261799      156794.127167    -1024.001064096      475.820126333     7364.566946373
15900    -2032482.477088    -6880176.934188      304040.961903     -980.396996007      624.274739367     7359.586029851
15920    -2051650.814298    -6866209.003296      451156.355719     -936.367387628      772.469695080     7351.423264079
15940    -2069934.462955    -6849280.307463      598076.700919     -891.931339705      920.340493393     7340.081813247
15960    -2087325.486814    -6829397.973775      744738.467204     -847.108136732     1067.822764787     7325.566252606
15980    -2103816.337082    -6806570.415151      891078.229876     -801.917237939     1214.852300568     7307.882566703
16000    -2119399.855823    -6780807.326823     1037032.698001     -756.378268170     1361.365083124     7287.038146843
16020    -2134069.279178    -6752119.682213     1182538.742511     -710.511008691     1507.297316002     7263.041787773
17040    -1641333.434206    -2039747.903681     6673149.672093     1584.217300082     6851.463519444     2475.392228217
17060    -1609297.670102    -1902288.927190     6721212.244337     1619.243957768     6893.940311810     2330.692295863
17080    -1576568.331699    -1764010.103081     6766370.663815     1653.572255049     6933.445366165     2184.987360553
17100    -1543159.533693    -1624971.036796     6808605.456346     1687.187493584     6969.961825144     2038.340076254
17120    -1509085.681699    -1485231.658233     6847898.404728     1720.075280777     7003.474102497     1890.813483249
17140    -1474361.466083    -1344852.196259     6884232.556215     1752.221535344     7033.967888362     1742.470982282
17160    -1439001.855672    -1203893.153121     6917592.229465     1783.612492760     7061.430154091     1593.376308628
17180    -1403022.091376    -1062415.278802     6947963.020973     1814.234710566     7085.849156604     1443.593506261
17200    -1366437.679689     -920479.545257     6975331.810979     1844.075073561     7107.214442323     1293.186901885
17220    -1329264.386093     -778147.120580     6999686.768872     1873.120798894     7125.516850672     1142.221078876
17240    -1291518.228364     -635479.343132     7021017.358058     1901.359440997     7140.748517120      990.760851382
17260    -1253215.469775     -492537.695569     7039314.340316     1928.778896444     7152.902875825      838.871238152
17280    -1214372.612206     -349383.778873     7054569.779628     1955.367408644     7161.974661826      686.617436568
17300    -1175006.389164     -206079.286287     7066777.045494     1981.113572459     7167.959912828      534.064796463
17320    -1135133.758705      -62685.977271     7075930.815716     2006.006338674     7170.855970555      381.278794055
17340    -1094771.896275       80734.348601     7082027.078667     2030.035018359     7170.661481687      228.325005781
17360    -1053938.187459      224119.877743     7085063.135034     2053.189287120     7167.376398379       75.269082136
17380    -1012650.220651      367408.808668     7085037.599034     2075.459189220     7161.001978358      -77.823278495
17400     -970925.779638      510539.378097     7081950.399116     2096.835141591     7151.540784610     -230.886356050
17420     -928782.836113      653449.887055     7075802.778123     2117.307937725     7138.996684642     -383.854434980
17440     -886239.542098      796078.726957     7066597.292952     2136.868751449     7123.374849329     -536.661830502
17460     -843314.222305      938364.405655     7054337.813663     2155.509140578     7104.681751344     -689.242914810
17480     -800025.366423     1080245.573455     7039029.522089     2173.221050451     7082.925163166     -841.532143349
17500     -756391.621328     1221661.049092     7020678.909898     2189.996817346     7058.114154665     -993.464081056
17520     -712431.783233     1362549.845650     6999293.776149     2205.829171778     7030.259090258    -1144.973428667
17540     -668164.789776     1502851.196414     6974883.224309     2220.711241666     6999.371625661    -1295.995048915
17560     -623609.712031     1642504.580678     6947457.658749     2234.636555388     6965.464704163    -1446.463992928
17580     -578785.746479     1781449.749432     6917028.780715     2247.599044705     6928.552552523    -1596.315526409
17600     -533712.206910     1919626.750999     6883609.583778     2259.593047555     6888.650676397    -1745.485155944
17620     -488408.516267     2056975.956570     6847214.348744     2270.613310732     6845.775855305    -1893.908655342
17640     -442894.198449     2193438.085619     6807858.638054     2280.654992425     6799.946137199    -2041.522091850
17660     -397188.870059     2328954.231202     6765559.289653     2289.713664621     6751.180832554    -2188.261852390
17680     -351312.232101     2463465.885175     6720334.410329     2297.785315392     6699.500507981    -2334.064669893
17700     -305284.061637     2596914.963220     6672203.368532     2304.866351030     6644.926979417    -2478.867649469
17720     -259124.203411     2729243.829770     6621186.786674     2310.953598046     6587.483304836    -2622.608294587
17740     -212852.561410     2860395.322782     6567306.532891     2316.044305039     6527.193776450    -2765.224533332
17760     -166489.090421     2990312.778320     6510585.712298     2320.136144401     6464.083912508    -2906.654744429
17780     -120053.787528     3118940.055012     6451048.657707     2323.227213901     6398.180448513    -3046.837783437
17800      -73566.683596     3246221.558285     6388720.919836     2325.316038096     6329.511328041    -3185.713008702
17820      -27047.834718     3372102.264439     6323629.256993     2326.401569605     6258.105692998    -3323.220307383
17840       19482.686353     3496527.744512     6255801.624235     2326.483190220     6183.993873401    -3459.300121344
17860       66004.798802     3619444.187935     6185267.162023     2325.560711862     6107.207376652    -3593.893472976
17880      112498.422358     3740798.425964     6112056.184347     2323.634377376     6027.778876290    -3726.941990945
17900      158943.485923     3860537.954895     6036200.166351     2320.704861155     5945.742200226    -3858.387935824
17920      205319.936206     3978610.959019     5957731.731433     2316.773269604     5861.132318457    -3988.174225622
17940      251607.746367     4094966.333342     5876684.637846     2311.841141426     5773.985330250    -4116.244461183
17960      297786.924664     4209553.706043     5793093.764783     2305.910447735     5684.338450771    -4242.542951481
17980      343837.523100     4322323.460637     5706995.097976     2298.983591993     5592.229997235    -4367.014738678
18000      389739.646071     4433226.757899     5618425.714761     2291.063409764     5497.699374416    -4489.605623165
18020      435473.459000     4542215.557434     5527423.768691     2282.153168281     5400.787059735    -4610.262188242
18040      481019.196967     4649242.639007     5434028.473607     2272.256565828     5301.534587673    -4728.931824790
18060      526357.173322     4754261.623502     5338280.087259     2261.377730931     5199.984533724    -4845.562755596
18080      571467.788278     4857226.993585     5240219.894425     2249.521221356     5096.180497790    -4960.104059489
18100      616331.537488     4958094.114026     5139890.189536     2236.692022903     4990.167086932    -5072.505695319
18120      660929.020591     5056819.251659     5037334.258853     2222.895548008     4881.989897682    -5182.718525547
18140      705240.949722     5153359.594986     4932596.362164     2208.137634143     4771.695497770    -5290.694339613
18160      749248.158006     5247673.273423     4825721.713998     2192.424542007     4659.331407232    -5396.385877062
18180      792931.607999     5339719.376152     4716756.464400     2175.762953500     4544.946079020    -5499.746850303
18200      836272.400085     5429457.970576     4605747.679252     2158.159969514     4428.588879087    -5600.731967026
18220      879251.780836     5516850.120370     4492743.320155     2139.623107486     4310.310065904    -5699.296952277
18240      921851.151315     5601857.903135     4377792.223846     2120.160298752     4190.160769401    -5795.398570212
18260      964052.075332     5684444.427603     4260944.081209     2099.779885677     4068.192969400    -5888.994645421
18280     1005836.287624     5764573.850423     4142249.415856     2078.490618574     3944.459473520    -5980.044083847
18300     1047185.701991     5842211.392482     4021759.562298     2056.301652405     3819.013894561    -6068.506893280
18320     1088082.419347     5917323.354784     3899526.643703     2033.222543263     3691.910627369    -6154.344203400
18340     1128508.735704     5989877.133847     3775603.549275     2009.263244640     3563.204825213    -6237.518285348