    0    337     3804667.985855    -1050.874546927
   20    337     3785734.353535     -841.842382370
   40    337     3771017.732122     -629.297670376
   60    337     3760580.809039     -414.001756791
   80    337     3754470.727600     -196.752298222
  100    337     3752718.151028       21.609829087
  120    337     3755336.893100      240.237277098
  140    337     3762323.648707      458.270512157
  160    337     3773658.144225      674.867515792
  180    337     3789303.336338      889.211267983
  200    337     3809206.361295     1100.524806706
  220    337     3833299.214830     1308.077176220
 3420    101     3846359.027979    -4914.773082458
 3440    101     3749013.185300    -4818.163301114
 3460    101     3653701.035366    -4711.270419069
 3480    101     3560636.330734    -4593.282811698
 3500    101     3470049.414648    -4463.348333843
 3520    101     3382187.917079    -4320.590514534
 3540    101     3297317.189614    -4164.120405177
 3560    101     3215720.348328    -3993.061897479
 3580    101     3137697.621279    -3806.571032488
 3600    101     3063565.564944    -3603.878644487
 3620    101     2993654.894804    -3384.335243558
 3640    101     2928307.786965    -3147.454970876
 3660    101     2867874.153657    -2892.968075118
 3680    101     2812706.359368    -2620.897958449
 3700    101     2763153.139538    -2331.602821804
 3720    101     2719552.216507    -2025.832014896
 3740    101     2682221.911095    -1704.772407931
 3760    101     2651452.344689    -1370.068991704
 3780    101     2627496.220135    -1023.811423093
 3800    101     2610560.249464     -668.506517400
 3820    101     2600797.384190     -306.995767829
 3840    101     2598301.135968       57.622723408
 3860    101     2603101.603110      422.139700908
 3880    101     2615164.566049      783.345742327
 3900    101     2634392.850491     1138.175595613
 3920    101     2660630.373336     1483.830482305
 3940    101     2693668.446716     1817.856945145
 3960    101     2733253.487717     2138.223920325
 3980    101     2779095.686871     2443.348457433
 4000    101     2830878.155918     2732.101959147
 4020    101     2888265.855814     3003.782318119
 4040    101     2950913.457680     3258.070841478
 4060    101     3018472.845990     3494.985021689
 4080    101     3090598.882705     3714.806596937
 4100    101     3166954.472060     3918.035705681
 4120    101     3247214.070581     4105.330825352
 4140    101     3331066.488364     4277.452990519
 4160    101     3418216.552582     4435.238322883
 4180    101     3508386.145286     4579.550447297
 4200    101     3601314.599768     4711.264556042
 4220    101     3696758.558995     4831.245698352
 4240    101     3794491.724471     4940.321639467
 4720    394     3757019.329875    -4897.081708597
 4740    394     3660013.447749    -4801.930902188
 4760    394     3565007.764913    -4696.930639814
 4780    394     3472207.133350    -4581.291315851
 4800    394     3381832.641455    -4454.171669641
 4820    394     3294122.502715    -4314.707785784
 4840    394     3209332.499886    -4162.013065242
 4860    394     3127736.132830    -3995.201269776
 4880    394     3049624.273645    -3813.422418452
 4900    394     2975304.365813    -3615.879288123
 4920    394     2905098.726769    -3401.892698967
 4940    394     2839341.943280    -3170.922315269
 4960    394     2778377.323410    -2922.640854709
 4980    394     2722552.082423    -2656.999132045
 5000    394     2672211.292894    -2374.274579977
 5020    394     2627690.705113    -2075.127466422
 5040    394     2589308.495886    -1760.655329142
 5060    394     2557356.294178    -1432.423243731
 5080    394     2532090.037633    -1092.437553766
 5100    394     2513720.839518     -743.152865355
 5120    394     2502407.230974     -387.372907817
 5140    394     2498248.703386      -28.177038398
 5160    394     2501281.520477      331.220239494
 5180    394     2511477.273596      687.584236088
 5200    394     2528744.009364     1037.819095960
 5220    394     2552930.027286     1379.066984565
 5240    394     2583830.047831     1708.833852242
 5260    394     2621192.934392     2025.044526269
 5280    394     2664730.561909     2326.081054143
 5300    394     2714127.139996     2610.781443643
 5320    394     2769048.059458     2878.430973510
 5340    394     2829148.530950     3128.706743202
 5360    394     2894080.583650     3361.622264325
 5380    394     2963499.643987     3577.475320894
 5400    394     3037069.221976     3776.772332085
 5420    394     3114464.715576     3960.192198716
 5440    394     3195376.216420     4128.511977708
 5460    394     3279510.233487     4282.588321269
 5480    394     3366590.643130     4423.296806482
 5500    394     3456358.960416     4551.532316455
 5520    394     3548574.525245     4668.160987449
 5540    394     3643013.760953     4774.035182161
 5560    394     3739469.559266     4869.953304320
 5580    394     3837750.516135     4956.670142338
 5660    337     3838521.797043    -6104.878599315
 5680    337     3716651.793676    -6081.274580185
 5700    337     3595306.847211    -6052.271136770
 5720    337     3474601.251922    -6017.223947441
 5740    337     3354663.193635    -5975.380357796
 5760    337     3235637.077787    -5925.871874966
 5780    337     3117686.288393    -5867.667179531
 5800    337     3000996.287296    -5799.573788752
 5820    337     2885778.440237    -5720.202817434
 5840    337     2772274.264888    -5627.914505614
 5860    337     2660760.557341    -5520.812855431
 5880    337     2551555.193754    -5396.685007952
 5900    337     2445023.543662    -5252.981848969
 5920    337     2341585.736509    -5086.784223717
 5940    337     2241724.041936    -4894.791795388
 5960    337     2145990.305599    -4673.353363970
 5980    337     2055012.443888    -4418.534167889
 6000    337     1969498.571726    -4126.282323175
 6020    337     1890236.955630    -3792.688322739
 6040    337     1818089.260329    -3414.398526855
 6060    337     1753974.252193    -2989.176662949
 6080    337     1698838.478340    -2516.590707727
 6100    337     1653613.214425    -1998.724616900
 6120    337     1619157.260020    -1440.806375244
 6140    337     1596191.445866     -851.419252283
 6160    337     1585233.111694     -242.209465120
 6180    337     1586543.693156      373.069628570
 6200    337     1600099.951284      979.987026765
 6220    337     1625597.116076     1565.072907613
 6240    337     1662482.168643     2117.166036694
 6260    337     1710009.684443     2628.267336612
 6280    337     1767307.980124     3093.737194961
 6300    337     1833443.643994     3511.960174259
 6320    337     1907476.293554     3883.726207789
 6340    337     1988499.148048     4211.494449369
 6360    337     2075665.823290     4498.735490730
 6380    337     2168204.587531     4749.379455776
 6400    337     2265423.948904     4967.459004151
 6420    337     2366711.704107     5156.841682833
 6440    337     2471530.213503     5321.105100020
 6460    337     2579409.940621     5463.466071704
 6480    337     2689941.861427     5586.766477623
 6500    337     2802770.072456     5693.479483093
 6520    337     2917584.874186     5785.755376514
 6540    337     3034116.388686     5865.433547703
 6560    337     3152128.786122     5934.089986024
 6580    337     3271415.590206     5993.083903403
 6600    337     3391795.374545     6043.565336618
 6620    337     3513108.098306     6086.526224395
 6640    337     3635212.052019     6122.818388944
 6660    337     3757981.290409     6153.167880120
 9280    101     3720005.245143    -6642.295860980
 9300    101     3587121.998515    -6645.594830115
 9320    101     3454199.767957    -6646.142628609
 9340    101     3321296.806583    -6643.608768241
 9360    101     3188478.559485    -6637.599307615
 9380    101     3055819.188919    -6627.631184745
 9400    101     2923403.603866    -6613.116260422
 9420    101     2791329.750475    -6593.324340213
 9440    101     2659711.802702    -6567.353634629
 9460    101     2528684.268617    -6534.073618601
 9480    101     2398407.087207    -6492.051763032
 9500    101     2269072.470761    -6439.472761640
 9520    101     2140914.022829    -6373.992073182
 9540    101     2014218.727050    -6292.583936350
 9560    101     1889342.858437    -6191.299772359
 9580    101     1766733.511809    -6064.944499697
 9600    101     1646957.264123    -5906.681005369
 9620    101     1530738.500872    -5707.480880391
 9640    101     1419009.028224    -5455.513275501
 9660    101     1312970.718280    -5135.510268383
 9680    101     1214167.984153    -4728.487977109
 9700    101     1124558.103279    -4212.399641736
 9720    101     1046548.696173    -3565.004710235
 9740    101      982942.604186    -2770.480368188
 9760    101      936707.711459    -1830.203323104
 9780    101      910514.056458     -774.104003642
 9800    101      906111.264390      336.514120563
 9820    101      923810.678851     1422.836330369
 9840    101      962383.921215     2414.055533193
 9860    101     1019446.188467     3267.370910378
 9880    101     1092077.884014     3971.293816085
 9900    101     1177369.930349     4536.338347427
 9920    101     1272743.672484     4983.261227926
 9940    101     1376064.551582     5334.711069950
 9960    101     1485632.362171     5611.062955356
 9980    101     1600118.712009     5829.044329213
10000    101     1718493.197366     6001.785013408
10020    101     1839956.110364     6139.342203726
10040    101     1963883.575133     6249.346521653
10060    101     2089785.228240     6337.592853092
10080    101     2217271.725572     6408.471440585
10100    101     2346030.855435     6465.347895280
10120    101     2475809.582120     6510.805957134
10140    101     2606400.462290     6546.858841542
10160    101     2737631.686448     6575.070670118
10180    101     2869359.401232     6596.687864191
10200    101     3001461.838111     6612.692515568
10220    101     3133835.057036     6623.880090680
10240    101     3266389.202692     6630.886691783
10260    101     3399046.141949     6634.235984675
10280    101     3531737.126889     6634.353698426
10300    101     3664401.104762     6631.594820404
10320    101     3796983.617883     6626.248568374
10900    394     3768580.727598    -4521.945116602
10920    394     3679241.719024    -4410.309382341
10940    394     3592236.459843    -4288.456337345
10960    394     3507775.989984    -4155.720733763
10980    394     3426084.750066    -4011.419865494
11000    394     3347400.582077    -3854.907256142
11020    394     3271974.172550    -3685.546696933
11040    394     3200068.175277    -3502.776797154
11060    394     3131955.823557    -3306.108468707
11080    394     3067918.887025    -3095.183417161
11100    394     3008244.999999    -2869.784898984
11120    394     2953224.069186    -2629.906883893
11140    394     2903143.948872    -2375.758125080
11160    394     2858285.663695    -2107.829809452
11180    394     2818917.425836    -1826.908628396
11200    394     2785288.602782    -1534.098811746
11220    394     2757623.333736    -1230.820777560
11240    394     2736114.029450     -918.811364957
11260    394     2720915.713566     -600.082199949
11280    394     2712140.759354     -276.866209318
11300    394     2709855.108643       48.446053857
11320    394     2714076.127526      373.387246567
11340    394     2724771.739826      695.504228598
11360    394     2741861.764222     1012.447325199
11380    394     2765220.587142     1322.040773614
11400    394     2794681.460326     1622.354339980
11420    394     2830041.788826     1911.738545357
11440    394     2871069.206937     2188.866299144
11460    394     2917507.996246     2452.734942390
11480    394     2969085.451705     2702.642999592
11500    394     3025517.907605     2938.190737769
11520    394     3086516.371600     3159.237046207
11540    394     3151791.141734     3365.854617866
11560    394     3221056.039241     3558.303060035
11580    394     3294031.533463     3736.989443431
11600    394     3370447.322082     3902.425698903
11620    394     3450044.181798     4055.197942317
11640    394     3532575.106731     4195.945712725
11660    394     3617806.309866     4325.335924760
11680    337     3512340.043071    -6486.597297695
11700    337     3382778.210735    -6468.774649349
11720    337     3253623.958017    -6445.722935561
11740    337     3124988.994952    -6416.710899042
11760    337     2997001.142713    -6380.848617137
11780    337     2869807.827496    -6337.062463659
11800    337     2743580.083918    -6284.053302326
11820    337     2618517.773954    -6220.227706863
11840    337     2494855.880133    -6143.649750217
11860    337     2372872.545587    -6051.932470000
11880    337     2252898.947090    -5942.135904941
11900    337     2135331.495698    -5810.655442853
11920    337     2020646.703206    -5653.054633804
11940    337     1909419.213419    -5463.933599251
11960    337     1802342.722208    -5236.770451082
11980    337     1700253.073905    -4963.865046749
12000    337     1604151.533789    -4636.412855874
12020    337     1515223.724253    -4244.883601941
12040    337     1434846.062823    -3779.923276180
12060    337     1364567.751630    -3233.949887593
12080    337     1306052.361152    -2603.575395004
12100    337     1260964.463918    -1892.571737669
12120    337     1230799.834079    -1114.375492624
12140    337     1216680.705183     -292.760261590
12160    337     1219168.914752      540.702102815
12180    337     1238161.001272     1352.143741410
12200    337     1272907.938463     2111.888689227
12220    337     1322151.173410     2799.187129138
12240    337     1384321.580443     3403.715643266
12260    337     1457738.053241     3924.190545996
12280    337     1540761.244280     4365.574164703
12300    337     1631889.200715     4736.215895906
12320    337     1729801.916125     5045.658674908
12340    337     1833370.332216     5303.286918542
12360    337     1941644.950357     5517.601842376
12380    337     2053834.937610     5695.950803886
12400    337     2169284.625302     5844.506029692
12420    337     2287450.755804     5968.362896426
12440    337     2407882.469910     6071.689418440
12460    337     2530204.296263     6157.883802419
12480    337     2654102.010468     6229.693091002
12500    337     2779311.249276     6289.369053656
12520    337     2905608.134142     6338.734916088
12540    337     3032801.948082     6379.286336817
12560    337     3160729.109173     6412.253896643
12580    337     3289248.283980     6438.642172961
12600    337     3418236.613290     6459.297583497
12620    337     3547586.580930     6474.912146353
12640    337     3677203.423372     6486.073290722
12660    337     3807003.095967     6493.270996036
15480    101     3824233.208614    -3114.511176061
15500    101     3763767.911781    -2930.374559005
15520    101     3707083.812773    -2736.400933811
15540    101     3654376.673552    -2532.712116003
15560    101     3605838.650679    -2319.538007902
15580    101     3561655.900620    -2097.252962493
15600    101     3522005.926804    -1866.358433100
15620    101     3487054.662047    -1627.501828826
15640    101     3456953.666148    -1381.474215474
15660    101     3431837.366172    -1129.201572820
15680    101     3411820.146495     -871.751971402
15700    101     3396994.074435     -610.290181305
15720    101     3387426.863552     -346.085717818
15740    101     3383160.151285      -80.463065529
15760    101     3384208.705835      185.211296723
15780    101     3390559.782481      449.565663858
15800    101     3402173.564684      711.260087491
15820    101     3418983.924281      969.018042309
15840    101     3440899.962271     1221.636873887
15860    101     3467807.878003     1468.034746897
15880    101     3499573.422784     1707.249605233
15900    101     3536044.460850     1938.459461016
15920    101     3577053.840940     2160.986169251
15940    101     3622422.425180     2374.297269750
15960    101     3671961.648401     2577.998796900
15980    101     3725476.541830     2771.832500343
16000    101     3782768.148868     2955.656559623
16020    101     3843635.863850     3129.442576313
17040    394     3805411.090574    -4733.257396223
17060    394     3711721.793417    -4634.104172071
17080    394     3620111.860951    -4525.203361928
17100    394     3530783.496075    -4405.828529520
17120    394     3443953.483378    -4275.237517959
17140    394     3359853.897534    -4132.664707959
17160    394     3278731.870676    -3977.351125980
17180    394     3200849.679442    -3808.562818101
17200    394     3126483.804099    -3625.608774690
17220    394     3055923.942850    -3427.871436158
17240    394     2989470.793605    -3214.861818330
17260    394     2927433.585077    -2986.239076697
17280    394     2870126.197636    -2741.877462567
17300    394     2817862.724732    -2481.893697760
17320    394     2770951.918502    -2206.708200659
17340    394     2729690.750294    -1917.083146794
17360    394     2694357.336971    -1614.148657526
17380    394     2665203.534846    -1299.410756461
17400    394     2642447.183771     -974.743232182
17420    394     2626265.284508     -642.359329262
17440    394     2616787.672656     -304.750079858
17460    394     2614092.318541       35.405900650
17480    394     2618202.383517      375.328637486
17500    394     2629085.377768      712.241628991
17520    394     2646654.344924     1043.497007681
17540    394     2670771.177097     1366.645097771
17560    394     2701251.693380     1679.536112158
17580    394     2737872.002331     1980.352543656
17600    394     2780375.627008     2267.656275765
17620    394     2828481.102707     2540.392912969
17640    394     2881889.422006     2797.856010836
17660    394     2940291.023123     3039.684533646
17680    394     3003371.964283     3265.802156099
17700    394     3070819.409835     3476.379153191
17720    394     3142325.953987     3671.784024221
17740    394     3217593.072652     3852.533622395
17760    394     3296333.738292     4019.252985122
17780    394     3378274.309154     4172.641912202
17800    394     3463155.471323     4313.440511298
17820    337     3405271.403223    -3046.336652142
17840    337     3346606.892030    -2817.929391788
17860    337     3292640.785809    -2576.542349225
17880    337     3243629.462328    -2322.526788812
17900    337     3199820.130105    -2056.460335193
17920    337     3161445.918537    -1779.168388398
17940    337     3128721.109422    -1491.722834409
17960    337     3101835.934498    -1195.442662926
17980    337     3080951.921495     -891.882459871
18000    337     3066197.491575     -582.795777310
18020    337     3057664.162551     -270.100133215
18040    337     3055403.972136       44.176374630
18060    337     3059427.838800      357.953959737
18080    337     3069705.026841      669.172393373
18100    337     3086164.349904      975.840886773
18120    337     3108695.896619     1276.101554092
18140    337     3137154.480584     1568.282502292
18160    337     3171363.540637     1850.922953765
18180    337     3211119.698085     2122.808227183
18200    337     3256197.714718     2382.971274151
18220    337     3306355.576133     2630.693625340
18240    337     3361339.321667     2865.496445077
18260    337     3420887.556124     3087.117901959
18280    337     3484735.668091     3295.487867976
18300    337     3552619.306775     3490.699703695
18320    337     3624277.516210     3672.991368214
18340    337     3699455.130480     3842.706946059
