  0.0000000e+000  2.0000000e+000  1.0000000e+000  0.0000000e+000
  6.3466518e-002  1.9979867e+000  1.1265925e+000  6.3466518e-002
  1.2693304e-001  1.9919548e+000  1.2511480e+000  1.2693304e-001
  1.9039955e-001  1.9819287e+000  1.3716625e+000  1.9039955e-001
  2.5386607e-001  1.9679487e+000  1.4861967e+000  2.5386607e-001
  3.1733259e-001  1.9500711e+000  1.5929079e+000  3.1733259e-001
  3.8079911e-001  1.9283679e+000  1.6900790e+000  3.8079911e-001
  4.4426563e-001  1.9029265e+000  1.7761465e+000  4.4426563e-001
  5.0773215e-001  1.8738494e+000  1.8497254e+000  5.0773215e-001
  5.7119866e-001  1.8412535e+000  1.9096320e+000  5.7119866e-001
  6.3466518e-001  1.8052703e+000  1.9549022e+000  6.3466518e-001
  6.9813170e-001  1.7660444e+000  1.9848078e+000  6.9813170e-001
  7.6159822e-001  1.7237340e+000  1.9988673e+000  7.6159822e-001
  8.2506474e-001  1.6785094e+000  1.9968548e+000  8.2506474e-001
  8.8853126e-001  1.6305527e+000  1.9788024e+000  8.8853126e-001
  9.5199777e-001  1.5800569e+000  1.9450008e+000  9.5199777e-001
  1.0154643e+000  1.5272255e+000  1.8959938e+000  1.0154643e+000
  1.0789308e+000  1.4722711e+000  1.8325699e+000  1.0789308e+000
  1.1423973e+000  1.4154150e+000  1.7557496e+000  1.1423973e+000
  1.2058638e+000  1.3568862e+000  1.6667690e+000  1.2058638e+000
  1.2693304e+000  1.2969204e+000  1.5670599e+000  1.2693304e+000
  1.3327969e+000  1.2357589e+000  1.4582265e+000  1.3327969e+000
  1.3962634e+000  1.1736482e+000  1.3420201e+000  1.3962634e+000
  1.4597299e+000  1.1108382e+000  1.2203105e+000  1.4597299e+000
  1.5231964e+000  1.0475819e+000  1.0950560e+000  1.5231964e+000
  1.5866630e+000  9.8413404e-001  9.6827207e-001  1.5866630e+000
  1.6501295e+000  9.2075004e-001  8.4199860e-001  1.6501295e+000
  1.7135960e+000  8.5768516e-001  7.1826744e-001  1.7135960e+000
  1.7770625e+000  7.9519333e-001  5.9906946e-001  1.7770625e+000
  1.8405290e+000  7.3352619e-001  4.8632261e-001  1.8405290e+000
  1.9039955e+000  6.7293204e-001  3.8184101e-001  1.9039955e+000
  1.9674621e+000  6.1365487e-001  2.8730583e-001  1.9674621e+000
  2.0309286e+000  5.5593339e-001  2.0423816e-001  2.0309286e+000
  2.0943951e+000  5.0000000e-001  1.3397460e-001  2.0943951e+000
  2.1578616e+000  4.4607994e-001  7.7645706e-002  2.1578616e+000
  2.2213281e+000  3.9439031e-001  3.6157841e-002  2.2213281e+000
  2.2847947e+000  3.4513927e-001  1.0178558e-002  2.2847947e+000
  2.3482612e+000  2.9852511e-001  1.2587233e-004  2.3482612e+000
  2.4117277e+000  2.5473555e-001  6.1615355e-003  2.4117277e+000
  2.4751942e+000  2.1394691e-001  2.8188432e-002  2.4751942e+000
  2.5386607e+000  1.7632342e-001  6.5852140e-002  2.5386607e+000
  2.6021272e+000  1.4201659e-001  1.1854664e-001  2.6021272e+000
  2.6655938e+000  1.1116455e-001  1.8542405e-001  2.6655938e+000
  2.7290603e+000  8.3891543e-002  2.6540829e-001  2.7290603e+000
  2.7925268e+000  6.0307379e-002  3.5721239e-001  2.7925268e+000
  2.8559933e+000  4.0507026e-002  4.5935918e-001  2.8559933e+000
  2.9194598e+000  2.4570213e-002  5.7020509e-001  2.9194598e+000
  2.9829264e+000  1.2561111e-002  6.8796655e-001  2.9829264e+000
  3.0463929e+000  4.5280774e-003  8.1074876e-001  3.0463929e+000
  3.1098594e+000  5.0345762e-004  9.3657608e-001  3.1098594e+000
  3.1733259e+000  5.0345762e-004  1.0634239e+000  3.1733259e+000
  3.2367924e+000  4.5280774e-003  1.1892512e+000  3.2367924e+000
  3.3002589e+000  1.2561111e-002  1.3120334e+000  3.3002589e+000
  3.3637255e+000  2.4570213e-002  1.4297949e+000  3.3637255e+000
  3.4271920e+000  4.0507026e-002  1.5406408e+000  3.4271920e+000
  3.4906585e+000  6.0307379e-002  1.6427876e+000  3.4906585e+000
  3.5541250e+000  8.3891543e-002  1.7345917e+000  3.5541250e+000
  3.6175915e+000  1.1116455e-001  1.8145760e+000  3.6175915e+000
  3.6810581e+000  1.4201659e-001  1.8814534e+000  3.6810581e+000
  3.7445246e+000  1.7632342e-001  1.9341479e+000  3.7445246e+000
  3.8079911e+000  2.1394691e-001  1.9718116e+000  3.8079911e+000
  3.8714576e+000  2.5473555e-001  1.9938385e+000  3.8714576e+000
  3.9349241e+000  2.9852511e-001  1.9998741e+000  3.9349241e+000
  3.9983907e+000  3.4513927e-001  1.9898214e+000  3.9983907e+000
  4.0618572e+000  3.9439031e-001  1.9638422e+000  4.0618572e+000
  4.1253237e+000  4.4607994e-001  1.9223543e+000  4.1253237e+000
  4.1887902e+000  5.0000000e-001  1.8660254e+000  4.1887902e+000
  4.2522567e+000  5.5593339e-001  1.7957618e+000  4.2522567e+000
  4.3157232e+000  6.1365487e-001  1.7126942e+000  4.3157232e+000
  4.3791898e+000  6.7293204e-001  1.6181590e+000  4.3791898e+000
  4.4426563e+000  7.3352619e-001  1.5136774e+000  4.4426563e+000
  4.5061228e+000  7.9519333e-001  1.4009305e+000  4.5061228e+000
  4.5695893e+000  8.5768516e-001  1.2817326e+000  4.5695893e+000
  4.6330558e+000  9.2075004e-001  1.1580014e+000  4.6330558e+000
  4.6965224e+000  9.8413404e-001  1.0317279e+000  4.6965224e+000
  4.7599889e+000  1.0475819e+000  9.0494396e-001  4.7599889e+000
  4.8234554e+000  1.1108382e+000  7.7968947e-001  4.8234554e+000
  4.8869219e+000  1.1736482e+000  6.5797986e-001  4.8869219e+000
  4.9503884e+000  1.2357589e+000  5.4177348e-001  4.9503884e+000
  5.0138549e+000  1.2969204e+000  4.3294014e-001  5.0138549e+000
  5.0773215e+000  1.3568862e+000  3.3323100e-001  5.0773215e+000
  5.1407880e+000  1.4154150e+000  2.4425043e-001  5.1407880e+000
  5.2042545e+000  1.4722711e+000  1.6743015e-001  5.2042545e+000
  5.2677210e+000  1.5272255e+000  1.0400623e-001  5.2677210e+000
  5.3311875e+000  1.5800569e+000  5.4999181e-002  5.3311875e+000
  5.3946541e+000  1.6305527e+000  2.1197554e-002  5.3946541e+000
  5.4581206e+000  1.6785094e+000  3.1452240e-003  5.4581206e+000
  5.5215871e+000  1.7237340e+000  1.1326608e-003  5.5215871e+000
  5.5850536e+000  1.7660444e+000  1.5192247e-002  5.5850536e+000
  5.6485201e+000  1.8052703e+000  4.5097759e-002  5.6485201e+000
  5.7119866e+000  1.8412535e+000  9.0368005e-002  5.7119866e+000
  5.7754532e+000  1.8738494e+000  1.5027457e-001  5.7754532e+000
  5.8389197e+000  1.9029265e+000  2.2385354e-001  5.8389197e+000
  5.9023862e+000  1.9283679e+000  3.0992099e-001  5.9023862e+000
  5.9658527e+000  1.9500711e+000  4.0709207e-001  5.9658527e+000
  6.0293192e+000  1.9679487e+000  5.1380326e-001  6.0293192e+000
  6.0927858e+000  1.9819287e+000  6.2833754e-001  6.0927858e+000
  6.1562523e+000  1.9919548e+000  7.4885201e-001  6.1562523e+000
  6.2197188e+000  1.9979867e+000  8.7340755e-001  6.2197188e+000
  6.2831853e+000  2.0000000e+000  1.0000000e+000  6.2831853e+000
