     0 -5.183905334812327e+01
     1 -5.342442247887378e+01
     2 -5.532798050849622e+01
     3 -5.755799283706515e+01
     4 -6.210142012751609e+01
     5 -6.296248577148309e+01
     6 -6.289521630738031e+01
     7 -6.421555954921466e+01
     8 -5.924920367485445e+01
     9 -5.355005899179833e+01
    10 -5.093253991445751e+01
    11 -4.652672342484244e+01
    12 -4.235926107180774e+01
    13 -3.774503936834811e+01
    14 -4.001048964324776e+01
    15 -4.252899296991428e+01
    16 -4.363343083702937e+01
    17 -4.746530823990534e+01
    18 -4.826417011999852e+01
    19 -4.617535485117325e+01
    20 -4.396506752532603e+01
    21 -4.209789258391226e+01
    22 -3.759466474890650e+01
    23 -3.108045592051993e+01
    24 -2.713463073780970e+01
    25 -2.234935640030014e+01
    26 -1.851958672775505e+01
    27 -2.003565772178926e+01
    28 -1.895372194093034e+01
    29 -2.063071742602311e+01
    30 -2.365813458163261e+01
    31 -2.356916997126730e+01
    32 -2.374683062629887e+01
    33 -1.933571432914986e+01
    34 -1.326086810735450e+01
    35 -1.102912651754481e+01
    36 -2.418299481103688e+00
    37 2.480865443630009e+00
    38 8.097517004869047e+00
    39 9.711409302042743e+00
    40 1.051601328093221e+01
    41 7.527539686226071e+00
    42 7.926172810172903e+00
    43 7.062857098347399e+00
    44 7.474278559979590e+00
    45 6.802877779155677e+00
    46 9.709587375290720e+00
    47 1.467281894924128e+01
    48 2.108879768593662e+01
    49 2.728392846019877e+01
    50 3.128852608401315e+01
    51 3.578967829469777e+01
    52 3.738717464372223e+01
    53 3.803566394746534e+01
    54 3.635339766488296e+01
    55 3.496199805771608e+01
    56 3.239210314759433e+01
    57 3.290827535791533e+01
    58 3.285818226356525e+01
    59 3.553493547418661e+01
    60 3.954165148626804e+01
    61 4.345332909299645e+01
    62 5.090722633369617e+01
    63 5.562393043015557e+01
    64 5.855330798608041e+01
    65 5.943661162288574e+01
    66 5.891364201468881e+01
    67 5.646595286250061e+01
    68 5.417202382113243e+01
    69 5.116492001394094e+01
    70 4.933094980206297e+01
    71 5.050469558435542e+01
    72 5.347397523020684e+01
    73 5.442222703082120e+01
    74 5.905874282731581e+01
    75 6.243054173684445e+01
    76 6.455652213803668e+01
    77 6.941799578676140e+01
    78 7.039313588020204e+01
    79 6.819763386144058e+01
    80 6.700451133402520e+01
    81 6.485354975640109e+01
    82 5.965570327387584e+01
    83 5.632838240710056e+01
    84 5.654121081913009e+01
    85 5.710592990620079e+01
    86 5.834412321292655e+01
    87 6.256979167729502e+01
    88 6.639176983864078e+01
    89 6.863412193614374e+01
    90 7.083714139407327e+01
    91 7.174859124166943e+01
    92 7.073015367535660e+01
    93 6.817732675168489e+01
    94 6.346381684803504e+01
    95 6.066793203172268e+01
    96 5.590183585122791e+01
    97 5.630341325482270e+01
    98 5.695330493290984e+01
    99 5.976217298247244e+01
   100 6.206635026633433e+01
   101 6.502671270305632e+01
   102 6.941137646034785e+01
   103 7.266763637096147e+01
   104 7.207694341802727e+01
   105 7.294529520783972e+01
   106 6.928298866061513e+01
   107 6.324382049347640e+01
   108 5.870337583115890e+01
   109 5.769915557824321e+01
   110 5.876499918487762e+01
   111 5.918493381538215e+01
   112 6.033628210023560e+01
   113 6.427959026990125e+01
   114 6.895188387612298e+01
   115 7.134413953529072e+01
   116 7.551746081383300e+01
   117 7.733995804711593e+01
   118 7.604936550684867e+01
   119 7.455812942665867e+01
   120 7.114465576187682e+01
   121 6.627325143074198e+01
   122 6.625613083303624e+01
   123 6.556034604574496e+01
   124 6.680740671492670e+01
   125 7.084834711452959e+01
   126 7.525750519167424e+01
   127 7.949532426191155e+01
   128 8.451430542693730e+01
   129 9.015388936531490e+01
   130 8.930292873049027e+01
   131 8.974625011664918e+01
   132 8.843828620968156e+01
   133 8.739255908380028e+01
   134 8.688628080163848e+01
   135 8.594134444542915e+01
   136 8.536243670410677e+01
   137 8.403587514103323e+01
   138 9.118469638411177e+01
   139 9.541860483035222e+01
   140 9.998758325462067e+01
   141 1.078398866304986e+02
   142 1.096552331639524e+02
   143 1.121007349697432e+02
   144 1.125599392445788e+02
   145 1.114169845425537e+02
   146 1.097509834506255e+02
   147 1.085032090351061e+02
   148 1.076408970198325e+02
   149 1.075390418575996e+02
   150 1.088151062251466e+02
   151 1.140324734175741e+02
   152 1.187506518247153e+02
   153 1.241922939298837e+02
   154 1.290894597513153e+02
   155 1.326520885564904e+02
   156 1.358385041319284e+02
   157 1.361689337273328e+02
   158 1.358348342343605e+02
   159 1.341288932259182e+02
   160 1.315262357153108e+02
   161 1.285625935999193e+02
   162 1.287220489165250e+02
   163 1.312604805963299e+02
   164 1.358099945323322e+02
   165 1.381666397415798e+02
   166 1.431974921900879e+02
   167 1.487161164251550e+02
   168 1.503662520685664e+02
   169 1.548868453549922e+02
   170 1.537571780708719e+02
   171 1.511073101004957e+02
   172 1.472070924765987e+02
   173 1.440803166130756e+02
   174 1.440524808921897e+02
   175 1.428177133587215e+02
   176 1.440954491920543e+02
   177 1.454634200524440e+02
   178 1.490643473804902e+02
   179 1.531243007658534e+02
   180 1.595121822986924e+02
   181 1.597605556459299e+02
   182 1.608202723350275e+02
   183 1.595553273824185e+02
   184 1.554397829059044e+02
   185 1.516376546330496e+02
   186 1.493955312978606e+02
   187 1.463777710613828e+02
   188 1.452373333257011e+02
   189 1.442383485966046e+02
   190 1.466004710208129e+02
   191 1.497213178015307e+02
   192 1.536289560533573e+02
   193 1.542611686644104e+02
   194 1.569765068282544e+02
   195 1.570383199049963e+02
   196 1.561331217855979e+02
   197 1.520900888479767e+02
   198 1.493798295880513e+02
   199 1.442351283620093e+02
   200 1.386831003191546e+02
   201 1.376796899797755e+02
   202 1.400732173777760e+02
   203 1.382358794104459e+02
   204 1.425478979261126e+02
   205 1.471150059233009e+02
   206 1.493944326594957e+02
   207 1.500260883577972e+02
   208 1.504775650461011e+02
   209 1.481316225443747e+02
   210 1.455066413110649e+02
   211 1.427694646567760e+02
   212 1.367953309342815e+02
   213 1.333593329154280e+02
   214 1.312039872066903e+02
   215 1.316139271467219e+02
   216 1.339983360342105e+02
   217 1.357071963194442e+02
   218 1.407974421560995e+02
   219 1.454215058319199e+02
   220 1.493797432766624e+02
   221 1.469081079263254e+02
   222 1.450941170322147e+02
   223 1.422448505172169e+02
   224 1.400957412841327e+02
   225 1.344848606739016e+02
   226 1.321198721325036e+02
   227 1.324436954499505e+02
   228 1.301175014585011e+02
   229 1.354353957213970e+02
   230 1.380923210010583e+02
   231 1.428718367244836e+02
   232 1.464247691444196e+02
   233 1.479013140878785e+02
   234 1.497362360895326e+02
   235 1.498707346820573e+02
   236 1.488551223994583e+02
   237 1.455409598708017e+02
   238 1.437945852819115e+02
   239 1.396283354143271e+02
   240 1.393889458284276e+02
   241 1.428899242929618e+02
   242 1.469284332186997e+02
   243 1.501043351408853e+02
   244 1.556907722864969e+02
   245 1.597968338295414e+02
   246 1.629424097587091e+02
   247 1.655868161689577e+02
   248 1.658294354217372e+02
   249 1.647170127948729e+02
   250 1.597036673552664e+02
   251 1.583095129255514e+02
   252 1.559895126494706e+02
   253 1.567780394789008e+02
   254 1.576812700573480e+02
   255 1.604339297796271e+02
   256 1.670915714185777e+02
   257 1.703870007312282e+02
   258 1.767584377281972e+02
   259 1.808891177619348e+02
   260 1.809988952343267e+02
   261 1.802807743286213e+02
   262 1.791360691996999e+02
   263 1.756664033805882e+02
   264 1.748792394779786e+02
   265 1.733078349797460e+02
   266 1.718913662168255e+02
   267 1.713426930410624e+02
   268 1.766892975419375e+02
   269 1.824178571092192e+02
   270 1.828967114668841e+02
   271 1.879994927799657e+02
   272 1.919523431549940e+02
   273 1.913056558645841e+02
   274 1.929463461758629e+02
   275 1.903010766378453e+02
   276 1.873683538640832e+02
   277 1.810384467650886e+02
   278 1.794700608047809e+02
   279 1.806089782336683e+02
   280 1.799363709613200e+02
   281 1.823114534960599e+02
   282 1.860963859862923e+02
   283 1.879292061852797e+02
   284 1.913873694344761e+02
   285 1.933440632596528e+02
   286 1.946471401775746e+02
   287 1.928989367045194e+02
   288 1.911062238755236e+02
   289 1.859004326635515e+02
   290 1.798552780729936e+02
   291 1.774629136530685e+02
   292 1.754924385789293e+02
   293 1.749491020273925e+02
   294 1.747413496604629e+02
   295 1.799481726966962e+02
   296 1.815712570356934e+02
   297 1.857904947068356e+02
   298 1.859382685468761e+02
   299 1.850888891005200e+02
   300 1.822684373847529e+02
   301 1.786107883133631e+02
   302 1.753847871254587e+02
   303 1.684670214213978e+02
   304 1.648883019372304e+02
   305 1.632840669004038e+02
   306 1.627038321393449e+02
   307 1.639293504407246e+02
   308 1.654790273647360e+02
   309 1.675781455562182e+02
   310 1.712411817801122e+02
   311 1.713252993627634e+02
   312 1.699502669677727e+02
   313 1.660059591669580e+02
   314 1.616515457838221e+02
   315 1.587688864033282e+02
   316 1.547965925055710e+02
   317 1.504670194532279e+02
   318 1.475156716292235e+02
   319 1.477548233359273e+02
   320 1.478553063827860e+02
   321 1.534502488362316e+02
   322 1.521509755806035e+02
   323 1.550316617349887e+02
   324 1.575702135852654e+02
   325 1.578945604447437e+02
   326 1.563380553838755e+02
   327 1.504940382796519e+02
   328 1.456990242793250e+02
   329 1.437995545876268e+02
   330 1.394144228596851e+02
   331 1.381565012171131e+02
   332 1.391897661750660e+02
   333 1.392229562911065e+02
   334 1.422878569212331e+02
   335 1.462591083399597e+02
   336 1.493463421242273e+02
   337 1.512405261543850e+02
   338 1.513814143649497e+02
   339 1.502107526732098e+02
   340 1.494397120898322e+02
   341 1.451343951547084e+02
   342 1.397244832171729e+02
   343 1.384540544268961e+02
   344 1.364418963574322e+02
   345 1.355987534347281e+02
   346 1.377560637541611e+02
   347 1.419076591455582e+02
   348 1.467807290206833e+02
   349 1.500621881039480e+02
   350 1.549362628591558e+02
   351 1.542881354361415e+02
   352 1.550477979509241e+02
   353 1.517822306883902e+02
   354 1.459642247181480e+02
   355 1.461930053825047e+02
   356 1.437623793231761e+02
   357 1.434973848322211e+02
   358 1.440898551973285e+02
   359 1.472911897712027e+02
   360 1.507724161515896e+02
   361 1.546233934755732e+02
   362 1.610802200740499e+02
   363 1.612158079769553e+02
   364 1.641367451617275e+02
   365 1.614639606618853e+02
   366 1.602631339326126e+02
   367 1.569476496469039e+02
   368 1.538839115407852e+02
   369 1.521394849683769e+02
   370 1.498537265381416e+02
   371 1.506395162050925e+02
   372 1.531410105431334e+02
   373 1.553959861340552e+02
   374 1.634635786114081e+02
   375 1.652972717809660e+02
   376 1.673270290390454e+02
   377 1.683115965842573e+02
   378 1.672815131834536e+02
   379 1.652971468393130e+02
   380 1.607245790794600e+02
   381 1.576833167313873e+02
   382 1.536621116458701e+02
   383 1.529010824155876e+02
   384 1.521144358247392e+02
   385 1.549845089573917e+02
   386 1.579641428546396e+02
   387 1.608861131286898e+02
   388 1.640551863461527e+02
   389 1.644691223249127e+02
   390 1.658058201012281e+02
   391 1.635988377055148e+02
   392 1.581604975898391e+02
   393 1.578353327440688e+02
   394 1.509150346618439e+02
   395 1.473638158048149e+02
   396 1.443061366775286e+02
   397 1.447183179526099e+02
   398 1.442111428107065e+02
   399 1.476798408927790e+02
   400 1.500710528419834e+02
   401 1.538437715772575e+02
   402 1.540364736748315e+02
   403 1.519692734038742e+02
   404 1.489660375504869e+02
   405 1.455527618022417e+02
   406 1.408140369785175e+02
   407 1.354669819340667e+02
   408 1.305927975345795e+02
   409 1.253311780501428e+02
   410 1.270823257529657e+02
   411 1.262260454754547e+02
   412 1.286067275641700e+02
   413 1.300820748414371e+02
   414 1.320354386683927e+02
   415 1.338382775624557e+02
   416 1.313830697196682e+02
   417 1.265521477072006e+02
   418 1.239747685180951e+02
   419 1.163839814580610e+02
   420 1.122983105661764e+02
   421 1.099577622503503e+02
   422 1.057157133232275e+02
   423 1.033628195632429e+02
   424 1.043776210964878e+02
   425 1.078118259252552e+02
   426 1.077840214522584e+02
   427 1.123881847667710e+02
   428 1.109171796837341e+02
   429 1.102360206303400e+02
   430 1.087760738220000e+02
   431 1.029855021196305e+02
   432 9.904366401406594e+01
   433 9.423612768437270e+01
   434 9.089269605794959e+01
   435 8.806841417294021e+01
   436 8.750385854171387e+01
   437 8.887418525834464e+01
   438 9.168055968130908e+01
   439 9.515807665099446e+01
   440 9.510690462609574e+01
   441 1.020662578367918e+02
   442 9.930994836178007e+01
   443 9.564071401281933e+01
   444 9.380085057139217e+01
   445 9.078767521998137e+01
   446 8.541514181939448e+01
   447 8.234450881449230e+01
   448 7.878964109332321e+01
   449 7.901899771491888e+01
   450 8.100294582647032e+01
   451 8.538761389619496e+01
   452 9.106252457370466e+01
   453 9.337213127575042e+01
   454 9.548365457034910e+01
   455 9.586244504971904e+01
   456 9.505311071578112e+01
   457 9.037012846069720e+01
   458 8.781257135526101e+01
   459 8.671071554514965e+01
   460 8.219715189788363e+01
   461 8.002404710930476e+01
   462 8.247649040048188e+01
   463 8.666551096399043e+01
   464 8.921476626120932e+01
   465 9.458267623074961e+01
   466 9.809768805963516e+01
   467 9.927381185259121e+01
   468 1.023388202866158e+02
   469 1.013493432328535e+02
   470 9.806747910962667e+01
   471 9.446662828502642e+01
   472 9.093766403042243e+01
   473 8.764227165814657e+01
   474 8.753406687531958e+01
   475 9.032385063614288e+01
   476 9.286348121293172e+01
   477 9.489429792897147e+01
   478 1.007508876524714e+02
   479 1.044364510909985e+02
   480 1.065208335659093e+02
   481 1.074969175843805e+02
   482 1.050360197794540e+02
   483 1.031788858752546e+02
   484 9.860384453603990e+01
   485 9.660055382316223e+01
   486 9.247245882119087e+01
   487 9.169837034603711e+01
   488 9.142779119188307e+01
   489 9.447245917818898e+01
   490 9.583287113983954e+01
   491 1.012923949904599e+02
   492 1.041862934533547e+02
   493 1.050966629101585e+02
   494 1.063479330164063e+02
   495 1.022880861235221e+02
   496 1.011081719511374e+02
   497 9.686870469173141e+01
   498 9.109724526361933e+01
   499 8.873458874111377e+01
   500 8.649179018852912e+01
   501 8.731945396106224e+01
   502 8.739373735336433e+01
   503 8.905536648653420e+01
   504 9.402227794390998e+01
   505 9.684869076621136e+01
   506 9.626781506171325e+01
   507 9.583023410269715e+01
   508 9.093114189990891e+01
   509 8.896443194875729e+01
   510 8.398486232596790e+01
   511 8.142668266034313e+01
   512 7.619068456697507e+01
   513 7.291995513684464e+01
   514 7.125745263045103e+01
   515 7.117532853691647e+01
   516 7.445128854591572e+01
   517 7.633416474945957e+01
   518 8.061061238289973e+01
   519 7.680362983670425e+01
   520 7.875165340725593e+01
   521 7.459832225983078e+01
   522 7.224361040042446e+01
   523 6.684809743429207e+01
   524 6.096132716042075e+01
   525 5.800735364541413e+01
   526 5.414698808316430e+01
   527 5.385584747721119e+01
   528 5.434794035359671e+01
   529 5.575585828214893e+01
   530 5.795257423265943e+01
   531 6.020508809393016e+01
   532 6.164666503675755e+01
   533 6.171116133203956e+01
   534 6.007034446639942e+01
   535 5.648113368107689e+01
   536 5.111858174054772e+01
   537 4.595500808638937e+01
   538 4.313985050873116e+01
   539 4.010529143631680e+01
   540 4.054605841626964e+01
   541 4.248955520730185e+01
   542 4.266521089153815e+01
   543 4.837342215238542e+01
   544 5.021315129839232e+01
   545 5.318560089952831e+01
   546 5.454191275136206e+01
   547 5.047386376601656e+01
   548 4.753197053496042e+01
   549 4.215611951516250e+01
   550 4.066247456361278e+01
   551 3.768521575966927e+01
   552 3.488566368053994e+01
   553 3.593684413941908e+01
   554 3.896651957113742e+01
   555 4.135566155951119e+01
   556 4.644351206944724e+01
   557 5.090204531736587e+01
   558 5.271677154117961e+01
   559 5.349993779754124e+01
   560 5.441357825376478e+01
   561 5.097202116088383e+01
   562 4.814677117610699e+01
   563 4.569327588006847e+01
   564 4.335300566352837e+01
   565 4.388514871753238e+01
   566 4.364001247104953e+01
   567 4.642665575432497e+01
   568 5.140069183731016e+01
   569 5.470297926925165e+01
   570 6.073261741203171e+01
   571 6.465297748334675e+01
   572 6.548662419789167e+01
   573 6.449676765000797e+01
   574 6.594636246280022e+01
   575 6.103708004545267e+01
   576 5.945695559995348e+01
   577 5.486482778135422e+01
   578 5.664671477704197e+01
   579 5.921523280323468e+01
   580 6.236466230985766e+01
   581 6.830483294748919e+01
   582 6.935180477285451e+01
   583 7.643078734248151e+01
   584 8.083547352520574e+01
   585 8.062548427699004e+01
   586 7.979533617604035e+01
   587 7.726136268033108e+01
   588 7.634781404211401e+01
   589 7.211110783888957e+01
   590 7.110209975556222e+01
   591 7.024883713455397e+01
   592 7.239792836533994e+01
   593 7.487055790248046e+01
   594 7.829681766348901e+01
   595 8.226282533310570e+01
   596 8.714426374030734e+01
   597 9.203175020440679e+01
   598 9.039763424110461e+01
   599 9.060871616713685e+01
   600 8.695506372973591e+01
   601 8.422041415330426e+01
   602 7.931704739858655e+01
   603 7.715469799575334e+01
   604 7.693370743128843e+01
   605 7.748999095993709e+01
   606 7.971321323601649e+01
   607 8.394929669544685e+01
   608 8.590972811033056e+01
   609 9.150931487178879e+01
   610 9.097336945517762e+01
   611 9.058923291966740e+01
   612 8.883675629826848e+01
   613 8.817499344567061e+01
   614 8.285418009363629e+01
   615 7.912732683033320e+01
   616 7.493495475884757e+01
   617 7.378680828558676e+01
   618 7.338634840910524e+01
   619 7.521474881822286e+01
   620 8.014564021133066e+01
   621 8.257684392272320e+01
   622 8.558895632256458e+01
   623 8.582165777170854e+01
   624 8.652581103330795e+01
   625 8.386310121748373e+01
   626 8.170420098436776e+01
   627 7.546370350105315e+01
   628 7.070414424091555e+01
   629 6.856044768044406e+01
   630 6.671679638494231e+01
   631 6.636532102652544e+01
   632 6.799991817883111e+01
   633 7.094953038620754e+01
   634 7.399848514636138e+01
   635 7.582503065097842e+01
   636 7.844214486035960e+01
   637 7.732680585366914e+01
   638 7.652646713053488e+01
   639 7.271468700826291e+01
   640 6.909360905316755e+01
   641 6.501795637613857e+01
   642 6.160700030690451e+01
   643 6.112689953766491e+01
   644 6.017495111708957e+01
   645 6.296392176441371e+01
   646 6.587115708104227e+01
   647 6.972861832800974e+01
   648 7.339845063991247e+01
   649 7.644356516065722e+01
   650 7.571507121626082e+01
   651 7.519977273471952e+01
   652 7.396490372172418e+01
   653 6.912035815158502e+01
   654 6.775160185168532e+01
   655 6.413989445004292e+01
   656 6.246946788802077e+01
   657 6.494874818595807e+01
   658 6.550050624965913e+01
   659 7.153113502250609e+01
   660 7.667837834114344e+01
   661 8.053970967478712e+01
   662 8.320015486855189e+01
   663 8.353805005486969e+01
   664 8.424471854284450e+01
   665 8.319407026381631e+01
   666 7.957523907285078e+01
   667 7.593718663785461e+01
   668 7.581451691213019e+01
   669 7.643437137128713e+01
   670 7.788469530717377e+01
   671 8.166949621913858e+01
   672 8.650860361089698e+01
   673 9.311431860384513e+01
   674 9.652147828558581e+01
   675 1.016009136346244e+02
   676 1.050987056741308e+02
   677 1.019399241909700e+02
   678 1.024940660454974e+02
   679 1.000324426558603e+02
   680 9.936029761896687e+01
   681 9.423635159292232e+01
   682 9.742260709020046e+01
   683 9.892432700357689e+01
   684 1.053711966474383e+02
   685 1.080041069927844e+02
   686 1.125037707514420e+02
   687 1.210112979074797e+02
   688 1.231109312219824e+02
   689 1.252785993777056e+02
   690 1.256460632605171e+02
   691 1.256461511609879e+02
   692 1.221519399464782e+02
   693 1.188447114194980e+02
   694 1.190574375275554e+02
   695 1.200289902578034e+02
   696 1.221509862830465e+02
   697 1.233282214951233e+02
   698 1.300047668233047e+02
   699 1.345719049493796e+02
   700 1.404956934512484e+02
   701 1.423968432327297e+02
   702 1.441999860687773e+02
   703 1.450923051690402e+02
   704 1.416425556309554e+02
   705 1.390190699621751e+02
   706 1.350385365005573e+02
   707 1.338843919386741e+02
   708 1.338864794957504e+02
   709 1.345373882812123e+02
   710 1.366431306899723e+02
   711 1.417271224785188e+02
   712 1.480075503236532e+02
   713 1.491542088126805e+02
   714 1.536072931871864e+02
   715 1.540041603697079e+02
   716 1.528633475858485e+02
   717 1.500960739426052e+02
   718 1.453145274354855e+02
   719 1.428832479848856e+02
   720 1.384849071013180e+02
   721 1.390175394943561e+02
   722 1.386976942805662e+02
   723 1.406615454183240e+02
   724 1.446741674138504e+02
   725 1.478359102377753e+02
   726 1.522419747389664e+02
   727 1.531896617748124e+02
   728 1.549224719654827e+02
   729 1.507903434284874e+02
   730 1.488945550994446e+02
   731 1.436420864758249e+02
   732 1.406608992681716e+02
   733 1.361969616206535e+02
   734 1.336752123696583e+02
   735 1.351106610454396e+02
   736 1.375060723365283e+02
   737 1.394216372136395e+02
   738 1.439918162150192e+02
   739 1.453416628697431e+02
   740 1.488658730802635e+02
   741 1.464693402977395e+02
   742 1.450698612308774e+02
   743 1.435603692734227e+02
   744 1.392659753409169e+02
   745 1.344653472986317e+02
   746 1.325103414986109e+02
   747 1.325756740539308e+02
   748 1.311092197335020e+02
   749 1.337738361484351e+02
   750 1.365941855484727e+02
   751 1.397784020412352e+02
   752 1.443493692394355e+02
   753 1.446434988730988e+02
   754 1.475511019757807e+02
   755 1.439796084870333e+02
   756 1.404588179218605e+02
   757 1.387341587483801e+02
   758 1.349098915150386e+02
   759 1.321260721379139e+02
   760 1.328853072111352e+02
   761 1.331109069169135e+02
   762 1.367406412742276e+02
   763 1.406232552113535e+02
   764 1.436615022709085e+02
   765 1.491737665819565e+02
   766 1.513619095232575e+02
   767 1.521895154332351e+02
   768 1.532490007333763e+02
   769 1.501972002804651e+02
   770 1.461865150425783e+02
   771 1.448354197531199e+02
   772 1.432716156761272e+02
   773 1.425522223313446e+02
   774 1.462404679938733e+02
   775 1.500476102017984e+02
   776 1.536655434877064e+02
   777 1.579061004720580e+02
   778 1.634528732745364e+02
   779 1.661165258387889e+02
   780 1.690620393716948e+02
   781 1.689800848741667e+02
   782 1.674484111583414e+02
   783 1.659543800788823e+02
   784 1.642147473627300e+02
   785 1.623592173214800e+02
   786 1.635900995524274e+02
   787 1.655801276990391e+02
   788 1.666412434220171e+02
   789 1.713884037698056e+02
   790 1.789510563900002e+02
   791 1.850663571987727e+02
   792 1.868518445620696e+02
   793 1.880714969372938e+02
   794 1.899435402330400e+02
   795 1.877705928067836e+02
   796 1.851606902791001e+02
   797 1.820999702119352e+02
   798 1.834828902314870e+02
   799 1.818595387973532e+02
   800 1.843360546376907e+02
   801 1.866581680275098e+02
   802 1.913858203079768e+02
   803 1.983687870961991e+02
   804 2.023971516211049e+02
   805 2.050455623122388e+02
   806 2.037240566752577e+02
   807 2.052048598184711e+02
   808 2.020202427460123e+02
   809 2.036296958331891e+02
   810 1.980142914510910e+02
   811 1.958847343587548e+02
   812 1.944183571066206e+02
   813 1.958633195241487e+02
   814 1.996930347463145e+02
   815 2.052587628240324e+02
   816 2.077202511944536e+02
   817 2.099568633262251e+02
   818 2.140464553257674e+02
   819 2.150596034749780e+02
   820 2.114966938137902e+02
   821 2.099772568111723e+02
   822 2.060535520940929e+02
   823 2.024092187031133e+02
   824 1.992375891865187e+02
   825 1.979888650105395e+02
   826 1.990865953435615e+02
   827 2.006005250886215e+02
   828 2.046041541499184e+02
   829 2.049876370434577e+02
   830 2.108834238006686e+02
   831 2.115859409846913e+02
   832 2.113700412612584e+02
   833 2.063049700532991e+02
   834 2.042334766058310e+02
   835 1.999733571810639e+02
   836 1.953423373465829e+02
   837 1.926370482361168e+02
   838 1.898599500852437e+02
   839 1.915041210460304e+02
   840 1.909740262743403e+02
   841 1.951545088124115e+02
   842 1.961097287295954e+02
   843 1.993160573872900e+02
   844 2.019088289449313e+02
   845 2.011081509836748e+02
   846 1.991027103287007e+02
   847 1.948898194612240e+02
   848 1.907111669523026e+02
   849 1.872443374844857e+02
   850 1.813850045377119e+02
   851 1.797700363225696e+02
   852 1.803673577298547e+02
   853 1.806808982633873e+02
   854 1.845067623237922e+02
   855 1.869549612868841e+02
   856 1.886152397472026e+02
   857 1.917321797696880e+02
   858 1.921261978741424e+02
   859 1.902570597204340e+02
   860 1.862876655667284e+02
   861 1.825459435587956e+02
   862 1.786920119653643e+02
   863 1.737384695012007e+02
   864 1.745756288217695e+02
   865 1.730652760967574e+02
   866 1.762381597836811e+02
   867 1.784344951904216e+02
   868 1.826559744773307e+02
   869 1.848680621038046e+02
   870 1.880994410823573e+02
   871 1.904646480665143e+02
   872 1.884469670080319e+02
   873 1.860067702863714e+02
   874 1.825851883009550e+02
   875 1.787301727037291e+02
   876 1.759012582267080e+02
   877 1.776325937590787e+02
   878 1.758064780291117e+02
   879 1.793315275622776e+02
   880 1.847057256190172e+02
   881 1.885378314140176e+02
   882 1.924208680745698e+02
   883 1.952883906444066e+02
   884 1.958570639416089e+02
   885 1.961239725996857e+02
   886 1.920579636440231e+02
   887 1.912503893665441e+02
   888 1.877366183092469e+02
   889 1.855221971733068e+02
   890 1.846440132115273e+02
   891 1.874542084889556e+02
   892 1.896445301368846e+02
   893 1.950919979249432e+02
   894 1.999258611791903e+02
   895 2.042436330714361e+02
   896 2.075733235004811e+02
   897 2.085428981154526e+02
   898 2.072504241857000e+02
   899 2.086888738912736e+02
   900 2.035504026715058e+02
   901 2.031190151324248e+02
   902 1.993809073592894e+02
   903 1.988920649808909e+02
   904 1.983218884809757e+02
   905 2.044828434624852e+02
   906 2.072661011684598e+02
   907 2.109381135492657e+02
   908 2.174925959039304e+02
   909 2.190813553431362e+02
   910 2.207078424107945e+02
   911 2.198634209926622e+02
   912 2.168340364312143e+02
   913 2.144443738354436e+02
   914 2.099682044073198e+02
   915 2.101206540051529e+02
   916 2.087192444287057e+02
   917 2.085679918128579e+02
   918 2.113073939480680e+02
   919 2.116299775527176e+02
   920 2.182618943653607e+02
   921 2.221864065313038e+02
   922 2.224875914575724e+02
   923 2.239087042193514e+02
   924 2.253201014316490e+02
   925 2.189062299794994e+02
   926 2.132621233985246e+02
   927 2.103558907398744e+02
   928 2.087702702743724e+02
   929 2.039325373046937e+02
   930 2.056122290823639e+02
   931 2.088330591638802e+02
   932 2.103379580108084e+02
   933 2.133420792282664e+02
   934 2.173509410335528e+02
   935 2.178320697463424e+02
   936 2.154192672831643e+02
   937 2.131644953178453e+02
   938 2.086873000190038e+02
   939 2.058623745742004e+02
   940 2.010802391061671e+02
   941 1.980253055253880e+02
   942 1.950777780463564e+02
   943 1.922891541910672e+02
   944 1.955981007308370e+02
   945 1.967224852312911e+02
   946 1.999238665239775e+02
   947 1.998745806848419e+02
   948 2.024403632848957e+02
   949 1.990284316204283e+02
   950 1.983166060815985e+02
   951 1.916520519472527e+02
   952 1.885960340592970e+02
   953 1.857892268576994e+02
   954 1.773903874016146e+02
   955 1.760690597029166e+02
   956 1.761104330565308e+02
   957 1.758129746105895e+02
   958 1.807590932393657e+02
   959 1.822645760482167e+02
   960 1.839541324637565e+02
   961 1.858467109038939e+02
   962 1.855520337016354e+02
   963 1.832304780394207e+02
   964 1.773853520189581e+02
   965 1.725680203610477e+02
   966 1.678640545337448e+02
   967 1.639990212916973e+02
   968 1.613442496791626e+02
   969 1.629012126000758e+02
   970 1.650731183438277e+02
   971 1.682645892089664e+02
   972 1.715707742907172e+02
   973 1.720090303391073e+02
   974 1.743525983769681e+02
   975 1.732955734124427e+02
   976 1.713876615266925e+02
   977 1.674384041841523e+02
   978 1.656407794336957e+02
   979 1.600382029319918e+02
   980 1.578929701919358e+02
   981 1.582524799501959e+02
   982 1.562439480536111e+02
   983 1.586395915425717e+02
   984 1.635919736913997e+02
   985 1.670142176727904e+02
   986 1.684580151403212e+02
   987 1.739722889167748e+02
   988 1.726518456270231e+02
   989 1.714376409689629e+02
   990 1.676390956329778e+02
   991 1.667162994124996e+02
   992 1.617105380402717e+02
   993 1.619214518058397e+02
   994 1.584978521383477e+02
   995 1.593457785670764e+02
   996 1.637338608917148e+02
   997 1.671252076302736e+02
   998 1.724840015778911e+02
   999 1.760610532869358e+02
  1000 1.789561957119577e+02