  0.0 2.050572032377479e+04 -3.030244721021965e+02
  0.5 2.035714665483905e+04 -2.942918898764999e+02
  1.0 2.020921266653450e+04 -2.855550512240670e+02
  1.5 2.007179364337127e+04 -2.767698738101520e+02
  2.0 1.993499438536821e+04 -2.680398618703342e+02
  2.5 1.980239935249951e+04 -2.594491242218248e+02
  3.0 1.967402865897242e+04 -2.509645018203920e+02
  3.5 1.955302249716515e+04 -2.424970588728719e+02
  4.0 1.943449981430380e+04 -2.337986990695039e+02
  4.5 1.931818019846782e+04 -2.252412724258894e+02
  5.0 1.920850215605655e+04 -2.169895450867358e+02
  5.5 1.910214908747235e+04 -2.088080752048140e+02
  6.0 1.899867285477570e+04 -2.005176424261183e+02
  6.5 1.890170227330696e+04 -1.925131743087071e+02
  7.0 1.880699633033371e+04 -1.842890933179780e+02
  7.5 1.871825590287450e+04 -1.765435430139680e+02
  8.0 1.863160573286816e+04 -1.686704094234613e+02
  8.5 1.855135219328599e+04 -1.610008436163262e+02
  9.0 1.847195291294458e+04 -1.532233773287982e+02
  9.5 1.839681981362647e+04 -1.458319163627417e+02
 10.0 1.832718554888502e+04 -1.383316607130532e+02
 10.5 1.825839986557111e+04 -1.311038995331083e+02
 11.0 1.819608192496005e+04 -1.237253824499802e+02
 11.5 1.813641795163347e+04 -1.170371583823616e+02
 12.0 1.807880947044488e+04 -1.101316320240560e+02
 12.5 1.802617859283367e+04 -1.031858291314229e+02
 13.0 1.797748022395340e+04 -9.659090123301897e+01
 13.5 1.793006106904990e+04 -9.017175306406868e+01
 14.0 1.788933416659899e+04 -8.398904791464844e+01
 14.5 1.784803394587397e+04 -7.763327459735640e+01
 15.0 1.781125027306019e+04 -7.161974292025245e+01
 15.5 1.777760898009019e+04 -6.579345461329679e+01
 16.0 1.774696987205781e+04 -5.989772607577669e+01
 16.5 1.771947379242599e+04 -5.459344901246472e+01
 17.0 1.769330284726209e+04 -4.910440698633617e+01
 17.5 1.767209161738252e+04 -4.369293229173977e+01
 18.0 1.764964158603368e+04 -3.875848762079399e+01
 18.5 1.763388821938650e+04 -3.373616487424155e+01
 19.0 1.761678028887798e+04 -2.900021499170977e+01
 19.5 1.760557002710872e+04 -2.424940460170383e+01
 20.0 1.759455730288092e+04 -1.999157912700970e+01
 20.5 1.758712812566075e+04 -1.586547007040367e+01
 21.0 1.757969437292937e+04 -1.153211783134129e+01
 21.5 1.757535507078679e+04 -7.735807491887634e+00
 22.0 1.757364081591267e+04 -3.876423015842092e+00
 22.5 1.757434471121175e+04 -3.283005690327699e-01
 23.0 1.757561393243781e+04 3.353854681542010e+00
 23.5 1.757946121737058e+04 6.550106359673943e+00
 24.0 1.758455827219948e+04 9.507213702007668e+00
 24.5 1.759105015301792e+04 1.274929612018418e+01
 25.0 1.759838576175049e+04 1.566421313267532e+01
 25.5 1.760707684666703e+04 1.835917283880972e+01
 26.0 1.761643197288017e+04 2.076934768032893e+01
 26.5 1.763037772378267e+04 2.327648887739879e+01
 27.0 1.764257871812749e+04 2.555707071822017e+01
 27.5 1.765755055573377e+04 2.747040721350527e+01
 28.0 1.767285224774562e+04 2.954236339561754e+01
 28.5 1.768954104861445e+04 3.144530619404193e+01
 29.0 1.770513376695178e+04 3.299727053342755e+01
 29.5 1.772319098980163e+04 3.461311692873615e+01
 30.0 1.774215280991925e+04 3.597034134123155e+01
 30.5 1.776134230998310e+04 3.722294342257560e+01
 31.0 1.778260488100095e+04 3.844663204654527e+01
 31.5 1.780171731995730e+04 3.957246698308109e+01
 32.0 1.782379891644171e+04 4.033422655841235e+01
 32.5 1.784496070718257e+04 4.130191168758870e+01
 33.0 1.786759844834195e+04 4.210402329940129e+01
 33.5 1.788786316011416e+04 4.250392865944968e+01
 34.0 1.791111970052804e+04 4.284253667643006e+01
 34.5 1.793146767987464e+04 4.318304119272829e+01
 35.0 1.795493767718432e+04 4.343220889067982e+01
 35.5 1.797761714307195e+04 4.359053759034527e+01
 36.0 1.799869816715315e+04 4.365056895480468e+01
 36.5 1.802358511306323e+04 4.345399260342977e+01
 37.0 1.804747614644282e+04 4.319363953409689e+01
 37.5 1.806988868910688e+04 4.289104661740133e+01
 38.0 1.809086026114787e+04 4.266285564855129e+01
 38.5 1.811429387169744e+04 4.200043247136941e+01
 39.0 1.813516540062446e+04 4.167023047245129e+01
 39.5 1.815861351001287e+04 4.083787628058736e+01
 40.0 1.817832489496086e+04 4.019497917567536e+01
 40.5 1.819809257473025e+04 3.930519052727989e+01
 41.0 1.822110118018459e+04 3.855626540805299e+01
 41.5 1.823953830673765e+04 3.753618741442846e+01
 42.0 1.825881692593970e+04 3.647976040857093e+01
 42.5 1.827897677513515e+04 3.545622697721419e+01
 43.0 1.829854482731937e+04 3.440417800596059e+01
 43.5 1.831708088225960e+04 3.302494034736618e+01
 44.0 1.833269416269414e+04 3.166518636662594e+01
 44.5 1.835026755561409e+04 3.045308253233953e+01
 45.0 1.836590864888683e+04 2.893190470333702e+01
 45.5 1.838117504500208e+04 2.749547263922507e+01
 46.0 1.839553618083241e+04 2.577340379640121e+01
 46.5 1.840892323425807e+04 2.433376912553792e+01
 47.0 1.842318248142750e+04 2.275704384623579e+01
 47.5 1.843396360726141e+04 2.081732160256175e+01
 48.0 1.844350069315960e+04 1.903060056978769e+01
 48.5 1.845438710532671e+04 1.740058243068808e+01
 49.0 1.846543746806511e+04 1.546238004358108e+01
 49.5 1.847298192191642e+04 1.375876063727395e+01
 50.0 1.848115920823131e+04 1.174515205837150e+01
 50.5 1.848763958383706e+04 9.862193129290691e+00
 51.0 1.849293248027848e+04 7.797284084191826e+00
 51.5 1.849868689218509e+04 5.670793716001477e+00
 52.0 1.850118581582795e+04 3.568057166583228e+00
 52.5 1.850361053480580e+04 1.434740083942934e+00
 53.0 1.850443045562575e+04 -6.634560438827256e-01
 53.5 1.850650908884082e+04 -2.927069424696049e+00
 54.0 1.850468694386608e+04 -5.172889116349341e+00
 54.5 1.850043585533612e+04 -7.226761011963282e+00
 55.0 1.849830829208056e+04 -9.571778736943852e+00
 55.5 1.849719966298339e+04 -1.188954891679976e+01
 56.0 1.849093538999856e+04 -1.418731684114983e+01
 56.5 1.848399554985162e+04 -1.660363968411424e+01
 57.0 1.847605909716842e+04 -1.882905534736675e+01
 57.5 1.846771496616543e+04 -2.133702793192002e+01
 58.0 1.845689988180093e+04 -2.349566289758497e+01
 58.5 1.844594333765816e+04 -2.594201794668230e+01
 59.0 1.843364303031421e+04 -2.830793242911929e+01
 59.5 1.842037057551454e+04 -3.070159589213762e+01
 60.0 1.840657945774133e+04 -3.323134388390821e+01
 60.5 1.839060300028382e+04 -3.598545117809101e+01
 61.0 1.837043702404710e+04 -3.814638183493847e+01
 61.5 1.835348521189443e+04 -4.043317667164578e+01
 62.0 1.833478792823862e+04 -4.315447952781383e+01
 62.5 1.831220043426034e+04 -4.536906317310814e+01
 63.0 1.828986928064012e+04 -4.801210941596885e+01
 63.5 1.826576017755261e+04 -5.053159844680936e+01
 64.0 1.824295924943966e+04 -5.305905733372393e+01
 64.5 1.821632719528853e+04 -5.539053925819627e+01
 65.0 1.818952956551922e+04 -5.784897202574754e+01
 65.5 1.816403308462220e+04 -6.032671893516303e+01
 66.0 1.813106782486528e+04 -6.305993269903054e+01
 66.5 1.810087823645220e+04 -6.542853387552263e+01
 67.0 1.806866948873148e+04 -6.780603816813549e+01
 67.5 1.803499792783575e+04 -7.021327236190051e+01
 68.0 1.800210100123975e+04 -7.261157721705597e+01
 68.5 1.796480882471146e+04 -7.503652960575454e+01
 69.0 1.792802520857198e+04 -7.749660456494958e+01
 69.5 1.789003035990173e+04 -7.966033840582577e+01
 70.0 1.785140277522799e+04 -8.217901463089329e+01
 70.5 1.781124454469814e+04 -8.473336874150191e+01
 71.0 1.776905474904486e+04 -8.690684489159419e+01
 71.5 1.772525656979203e+04 -8.920187100727348e+01
 72.0 1.768195669410972e+04 -9.127626045963164e+01
 72.5 1.763735060582194e+04 -9.352186295733082e+01
 73.0 1.758976095542566e+04 -9.581127197686514e+01
 73.5 1.754471048804896e+04 -9.797639274509736e+01
 74.0 1.749501051450375e+04 -9.998221205256887e+01
 74.5 1.744503867406671e+04 -1.022165740433521e+02
 75.0 1.739687777111167e+04 -1.043536375450065e+02
 75.5 1.734536403296930e+04 -1.062013929459088e+02
 76.0 1.729167592809232e+04 -1.080946655120302e+02
 76.5 1.723703749000804e+04 -1.101740931080516e+02
 77.0 1.718425559177727e+04 -1.121431337432228e+02
 77.5 1.712903241806648e+04 -1.139052519016830e+02
 78.0 1.707388415757552e+04 -1.156766245199287e+02
 78.5 1.701533559877779e+04 -1.175092808775432e+02
 79.0 1.695835729059526e+04 -1.190790757977018e+02
 79.5 1.689735444531760e+04 -1.208334375660856e+02
 80.0 1.683945395575161e+04 -1.221188841073005e+02
 80.5 1.677822960154607e+04 -1.237560139046442e+02
 81.0 1.671836517175145e+04 -1.251132438614140e+02
 81.5 1.665694321578886e+04 -1.266375729710357e+02
 82.0 1.659496503920063e+04 -1.279315916660306e+02
 82.5 1.653122762684340e+04 -1.289763333267183e+02
 83.0 1.646683339344624e+04 -1.300953595986303e+02
 83.5 1.640306823875337e+04 -1.311963955469909e+02
 84.0 1.633775703976983e+04 -1.322217958429233e+02
 84.5 1.627371825140500e+04 -1.330382404762039e+02
 85.0 1.620853797808600e+04 -1.337915199016902e+02
 85.5 1.614266330178924e+04 -1.344057144681805e+02
 86.0 1.607648994376820e+04 -1.350345450551652e+02
 86.5 1.600958776883218e+04 -1.354585198698732e+02
 87.0 1.594180957411379e+04 -1.358178702373245e+02
 87.5 1.587524731868930e+04 -1.360978217178119e+02
 88.0 1.580820837185662e+04 -1.360987931416862e+02
 88.5 1.574051047467757e+04 -1.362118620079776e+02
 89.0 1.567334190676622e+04 -1.360097740114712e+02
 89.5 1.560657178565011e+04 -1.357828084088091e+02
 90.0 1.554102484159015e+04 -1.355456938821678e+02
 90.5 1.547255014838799e+04 -1.349741794622395e+02
 91.0 1.540793142518170e+04 -1.341214719302034e+02
 91.5 1.534262281687156e+04 -1.333848078721438e+02
 92.0 1.527520188932343e+04 -1.323911981256541e+02
 92.5 1.521197963035277e+04 -1.313684502372752e+02
 93.0 1.514717877950221e+04 -1.301226049822338e+02
 93.5 1.508348402706943e+04 -1.285970750054227e+02
 94.0 1.502292719378430e+04 -1.269241237850830e+02
 94.5 1.495746098971589e+04 -1.250715825780395e+02
 95.0 1.490056860363158e+04 -1.231120024264884e+02
 95.5 1.483934631925739e+04 -1.209737579813703e+02
 96.0 1.477912280967320e+04 -1.185750600301375e+02
 96.5 1.472100705334073e+04 -1.158063204817727e+02
 97.0 1.466432923410451e+04 -1.129543374299540e+02
 97.5 1.461076185239345e+04 -1.101337682115708e+02
 98.0 1.455753667684415e+04 -1.068242076840446e+02
 98.5 1.450708609649345e+04 -1.034548035063550e+02
 99.0 1.445555887347806e+04 -9.977980608124497e+01
 99.5 1.440868594535910e+04 -9.609013181105516e+01
100.0 1.436143110727755e+04 -9.165738250400666e+01
100.5 1.431781988247561e+04 -8.746781025554054e+01
101.0 1.427563367305463e+04 -8.283784753623610e+01
101.5 1.423730291029727e+04 -7.807449706951441e+01
102.0 1.419983509300069e+04 -7.297347454028167e+01
102.5 1.416784137273824e+04 -6.764467208901965e+01
103.0 1.413247178818894e+04 -6.200012561110169e+01
103.5 1.410564697120558e+04 -5.647094340811663e+01
104.0 1.407904108594100e+04 -5.056451599683017e+01
104.5 1.405568837163680e+04 -4.407226920615381e+01
105.0 1.403688560049301e+04 -3.776330289968430e+01
105.5 1.401995674815679e+04 -3.086073739656124e+01
106.0 1.400770793101240e+04 -2.362642775421769e+01
106.5 1.399843585989785e+04 -1.628787651333374e+01
107.0 1.399192988362259e+04 -8.743599225451174e+00
107.5 1.399227075552147e+04 -1.093921140687501e+00
108.0 1.399356381734482e+04 7.113416361502174e+00
108.5 1.399919147601434e+04 1.522429451343001e+01
109.0 1.400856330813085e+04 2.356615245737779e+01
109.5 1.402478859136596e+04 3.232570438191425e+01
110.0 1.404248224863699e+04 4.143741040564134e+01
110.5 1.406638780302336e+04 5.047436535215292e+01
111.0 1.409406411900094e+04 5.949684299790172e+01
111.5 1.412685571470810e+04 6.917859973686529e+01
112.0 1.416545479366676e+04 7.881423767241762e+01
112.5 1.420650305876992e+04 8.871278733406324e+01
113.0 1.425524729392066e+04 9.866744258548115e+01
113.5 1.430671490469477e+04 1.089589524590302e+02
114.0 1.436175938853574e+04 1.193480904293176e+02
114.5 1.442690688029616e+04 1.298220684764215e+02
115.0 1.449528317545293e+04 1.404216610493648e+02
115.5 1.456719461106574e+04 1.509043553232971e+02
116.0 1.464606572087016e+04 1.617342481857639e+02
116.5 1.473032627962895e+04 1.726076605892058e+02
117.0 1.481818966382801e+04 1.836535115190871e+02
117.5 1.491537406642159e+04 1.946036120812316e+02
118.0 1.501513053724338e+04 2.056435567890065e+02
118.5 1.512116381603786e+04 2.167173185022286e+02
119.0 1.523104387333657e+04 2.277336637919588e+02
119.5 1.534781562511033e+04 2.391717010903303e+02
120.0 1.547145460401122e+04 2.503794305950214e+02